name chr start stop
1 AC148152 2 231879064 231883596
2 AC148167 7 11670461 11676397
3 AC149818 9 152681210 152686896
4 AC149828 9 150685412 150689959
5 AC150739 9 155450360 155454201
6 AC152495 10 3283522 3287418
7 AC155352 2 35349359 35352189
8 AC155377 3 220967144 220986199
9 AC155390 1 32672149 32674146
10 AC155434 7 173848307 173849743
11 AC155496 5 4777613 4787373
12 AC155610 3 175729265 175732122
13 AC155622 3 4444109 4445302
14 AC155624 1 8260040 8264448
15 AC159612 5 4583376 4584976
16 AC165171 3 144777898 144779301
17 AC177831 2 49745575 49748552
18 AC177833 2 110693458 110697318
19 AC177844 2 68539054 68539362
20 AC177850 1 18141394 18143413
21 AC177890 1 282753810 282754304
22 AC177893 2 211669849 211670472
23 AC177905 1 115624175 115624687
24 AC177941 1 35852657 35853470
25 AC182105 4 85731239 85732971
26 AC182439 3 46895108 46895587
27 AC182617 3 127323461 127329588
28 AC182627 3 58308793 58309242
29 AC182831 3 194231832 194232419
30 AC182838 3 190568352 190568723
31 AC183319 3 37159449 37160238
32 AC183412 2 27476139 27479730
33 AC183817 5 86372740 86376384
34 AC183932 5 5582013 5584777
35 AC183944 9 81892913 81895462
36 AC183968 4 241958863 241961161
37 AC184112 3 155709275 155710094
38 AC184127 5 179839818 179840312
39 AC184130 4 235766705 235769786
40 AC184164 3 209391023 209391789
41 AC184170 3 133684028 133684675
42 AC184764 4 212748042 212749093
43 AC184765 3 213541770 213542889
44 AC184771 4 60542051 60542884
45 AC184775 3 148840799 148842241
46 AC184789 5 128748949 128753291
47 AC184794 4 86469185 86470911
48 AC185108 7 162223698 162224084
49 AC185217 4 190433230 190434394
50 AC185226 4 162608156 162617861
51 AC185254 4 74338759 74339616
52 AC185256 5 114521080 114522110
53 AC185300 4 228549374 228550450
54 AC185415 2 198337077 198340526
55 AC185422 4 149185260 149186584
56 AC185443 4 221857161 221860216
57 AC185460 5 183696095 183697024
58 AC185478 4 181432209 181432973
59 AC185504 4 164026950 164027504
60 AC185522 4 115485803 115486252
61 AC185586 4 80946868 80947233
62 AC185593 1 85784828 85785211
63 AC185605 5 44442095 44442547
64 AC185610 1 251564403 251564738
65 AC185611 1 206839157 206839480
66 AC185623 4 157655016 157655276
67 AC185642 4 164761947 164762273
68 AC185649 4 164534442 164534780
69 AC186145 4 59703414 59704172
70 AC186147 4 162939231 162940565
71 AC186195 2 13095219 13097164
72 AC186284 1 150696135 150698075
73 AC186310 4 231151926 231154060
74 AC186322 1 211505519 211506680
75 AC186375 6 111939511 111940304
76 AC186404 8 68684693 68685542
77 AC186433 6 86441148 86441759
78 AC186500 5 122071587 122072276
79 AC186506 1 160142896 160143560
80 AC186519 1 258733622 258734002
81 AC186524 1 180986273 180988779
82 AC186563 4 176841202 176841483
83 AC186579 8 158575181 158576180
84 AC186583 6 62111699 62113378
85 AC186603 1 168712313 168713761
86 AC186606 1 182653545 182654451
87 AC186611 8 112232776 112234776
88 AC186613 2 36668243 36668857
89 AC186656 1 288714863 288715189
90 AC186667 1 275768316 275769385
91 AC186669 3 203553884 203555863
92 AC186785 7 110466868 110469234
93 AC186789 8 146279642 146279916
94 AC186807 8 74221156 74221494
95 AC186828 6 77425455 77425883
96 AC187046 7 162135607 162137418
97 AC187056 6 71742167 71743764
98 AC187067 7 175773542 175773997
99 AC187090 8 9379651 9380954
100 AC187096 8 20927774 20932981
101 AC187098 7 174881879 174883537
102 AC187209 2 4661536 4663151
103 AC187212 2 9560322 9563045
104 AC187222 3 139310833 139312517
105 AC187243 8 123144000 123144551
106 AC187262 1 184732929 184733550
107 AC187263 8 24771492 24772043
108 AC187279 6 48733756 48734226
109 AC187283 6 85771923 85772171
110 AC187393 8 13667370 13668397
111 AC187404 10 60757204 60757918
112 AC187469 9 140761756 140762490
113 AC187485 8 67253699 67255118
114 AC187560 7 5531910 5532239
115 AC187567 6 131649643 131650089
116 AC187789 9 30459749 30460006
117 AC187800 1 65648323 65648610
118 AC187813 5 186874460 186874861
119 AC187818 8 1355030 1355446
120 AC187826 8 125052076 125053454
121 AC187870 8 44995750 44997412
122 AC187885 6 120128001 120128472
123 AC187887 6 132416642 132417222
124 AC187899 10 79691285 79691891
125 AC187901 9 28993001 28993498
126 AC187903 10 132160234 132160551
127 AC187910 8 149331137 149333313
128 AC188000 10 91792106 91792933
129 AC188134 5 211750316 211752372
130 AC188583 9 10533793 10534373
131 AC188612 10 4722205 4723095
132 AC188710 6 129321358 129327431
133 AC188718 7 125570036 125572243
134 AC188721 7 142682250 142683596
135 AC188722 10 34738560 34738853
136 AC188724 8 73645074 73645961
137 AC188727 9 6371876 6374643
138 AC188755 6 64475394 64476116
139 AC188831 2 9499398 9499856
140 AC188838 6 150852508 150854139
141 AC189048 6 23959268 23960772
142 AC189052 1 177865164 177868242
143 AC189056 10 46715450 46715938
144 AC189280 4 171871759 171875449
145 AC189750 7 152388542 152391231
146 AC189770 9 120942966 120948124
147 AC189771 5 73325083 73325517
148 AC189792 8 76747660 76748265
149 AC189795 10 144362543 144363262
150 AC189883 10 58126835 58127744
151 AC190225 8 60844538 60846288
152 AC190485 4 95568498 95569121
153 AC190496 1 269004258 269005065
154 AC190507 2 88395414 88396217
155 AC190587 9 114054272 114056981
156 AC190590 10 53201932 53202456
157 AC190614 5 16715193 16715684
158 AC190623 3 192096911 192097670
159 AC190630 10 18013394 18015777
160 AC190632 4 151532806 151536232
161 AC190643 5 212258577 212259139
162 AC190688 8 169682505 169688259
163 AC190701 3 44555304 44561184
164 AC190716 5 8844620 8847252
165 AC190749 4 162114430 162115489
166 AC190757 9 153367739 153370789
167 AC190763 1 145500899 145501384
168 AC190772 4 28378947 28379567
169 AC190788 2 200349628 200350131
170 AC190789 10 147743958 147744464
171 AC190799 1 9062502 9063230
172 AC190811 2 146055936 146056739
173 AC190841 2 230083974 230084297
174 AC190883 3 200267429 200270495
175 AC190922 5 61542729 61543220
176 AC190925 5 115325114 115325593
177 AC190934 1 29494077 29494619
178 AC191048 5 4152737 4153417
179 AC191050 2 58280631 58283017
180 AC191064 9 123861502 123862716
181 AC191098 7 51535239 51535669
182 AC191107 2 169254363 169256768
183 AC191113 2 6355758 6357734
184 AC191115 2 83958317 83968046
185 AC191254 5 176237626 176239161
186 AC191283 2 115393594 115399221
187 AC191305 4 217887577 217888476
188 AC191317 1 64989862 64990392
189 AC191361 5 213949329 213949862
190 AC191380 1 169204281 169204967
191 AC191410 5 204832978 204833719
192 AC191523 4 30027478 30028655
193 AC191551 3 47075946 47079281
194 AC191562 3 134807705 134808145
195 AC191568 3 26086985 26088558
196 AC191577 5 137163652 137165547
197 AC191578 3 155668210 155668944
198 AC191650 3 153408551 153409258
199 AC191676 5 15563427 15564321
200 AC191735 7 149929010 149929827
201 AC191748 3 216809236 216812147
202 AC191778 4 17897174 17897692
203 AC191782 3 67992821 67993698
204 AC191804 5 153179881 153180914
205 AC192175 9 153149245 153149661
206 AC192240 5 67242721 67243307
207 AC192330 10 140022557 140024392
208 AC192368 4 65912988 65913485
209 AC192372 5 124117903 124118250
210 AC192405 4 207200919 207201856
211 AC193318 3 184320028 184320820
212 AC193335 1 174078431 174078817
213 AC193402 10 120463512 120465059
214 AC193440 2 47488905 47491447
215 AC193464 3 45918679 45919658
216 AC193466 2 176426425 176426916
217 AC193479 8 68570298 68570750
218 AC193499 2 175196635 175197339
219 AC193500 1 1778108 1779259
220 AC193503 7 9136953 9137495
221 AC193576 10 96482979 96483505
222 AC193592 9 40376349 40380249
223 AC193625 4 12114483 12114929
224 AC193632 4 39826988 39829329
225 AC193658 9 25190395 25190841
226 AC193786 8 157462748 157463804
227 AC194008 1 255693528 255695738
228 AC194016 2 113707960 113708253
229 AC194022 3 2782925 2783194
230 AC194032 9 151962827 151965793
231 AC194045 9 54415590 54416185
232 AC194056 3 213630023 213630295
233 AC194072 1 282611389 282613184
234 AC194104 10 5379671 5379895
235 AC194112 8 65613366 65614415
236 AC194136 10 85464869 85465291
237 AC194158 5 17912795 17913388
238 AC194163 2 138072492 138072884
239 AC194176 1 183553492 183554082
240 AC194203 2 213151790 213152212
241 AC194219 5 39164679 39165801
242 AC194259 4 241819170 241822182
243 AC194264 1 205546204 205550029
244 AC194298 3 204655709 204655897
245 AC194325 2 33715515 33716472
246 AC194341 8 140911383 140913125
247 AC194350 6 118364042 118367226
248 AC194355 8 55711555 55712496
249 AC194357 4 197908195 197908632
250 AC194402 5 14585398 14587921
251 AC194405 8 171121227 171122370
252 AC194425 3 191337215 191338020
253 AC194428 1 5010339 5014204
254 AC194457 7 39580163 39581665
255 AC194478 6 72418626 72421163
256 AC194597 6 54811345 54811881
257 AC194609 1 176075757 176076455
258 AC194613 5 122298474 122298950
259 AC194633 8 8339030 8340541
260 AC194666 4 9731221 9737763
261 AC194670 4 206659750 206662300
262 AC194712 4 151322914 151323672
263 AC194824 6 120691964 120693245
264 AC194828 6 150935118 150935915
265 AC194852 6 103800721 103802268
266 AC194898 8 43058504 43061084
267 AC194912 5 195161824 195162408
268 AC194914 1 99547305 99547943
269 AC194940 9 119309280 119309540
270 AC194942 8 104735395 104738150
271 AC194970 2 207890125 207891290
272 AC194972 3 212911820 212912713
273 AC194977 7 160055378 160061648
274 AC194980 4 177635393 177635794
275 AC195135 1 288876422 288876694
276 AC195147 7 168121925 168122395
277 AC195154 3 203572897 203579776
278 AC195168 3 71653295 71653633
279 AC195207 1 161554816 161557133
280 AC195235 2 13466585 13474919
281 AC195244 3 189451244 189452014
282 AC195260 1 13030395 13033200
283 AC195331 3 218853867 218854052
284 AC195340 5 5379303 5384289
285 AC195351 6 73669353 73670132
286 AC195370 7 65768084 65768980
287 AC195389 6 10068752 10069819
288 AC195402 1 130823899 130824372
289 AC195485 3 108866634 108868406
290 AC195545 2 85417016 85417540
291 AC195794 1 207936194 207936892
292 AC195796 4 162590726 162592246
293 AC195798 8 83297146 83297481
294 AC195806 6 48878622 48879616
295 AC195807 8 157905406 157905750
296 AC195825 2 179734345 179737268
297 AC195860 6 164068998 164070827
298 AC195864 7 167525770 167526111
299 AC195957 5 88597023 88598171
300 AC195959 9 709106 712583
301 AC196009 3 166362377 166362580
302 AC196019 3 166988384 166991831
303 AC196025 5 71044693 71047186
304 AC196059 9 150978195 150980819
305 AC196065 7 53195089 53195532
306 AC196066 1 248519560 248520953
307 AC196082 8 99465680 99466498
308 AC196096 4 55223463 55225642
309 AC196105 3 151846940 151848070
310 AC196106 2 227844147 227846072
311 AC196123 3 159748612 159750847
312 AC196143 3 88060208 88061152
313 AC196171 9 39242763 39244487
314 AC196202 10 71822552 71823193
315 AC196278 4 208586271 208587761
316 AC196417 3 155387358 155387709
317 AC196420 2 71871022 71875333
318 AC196431 4 44160763 44169940
319 AC196432 5 24232080 24232925
320 AC196436 7 75772184 75772636
321 AC196437 9 37421688 37429410
322 AC196575 5 190484130 190485997
323 AC196637 3 170582264 170583826
324 AC196708 4 238231510 238231908
325 AC196714 10 50616673 50621839
326 AC196719 2 104130490 104130861
327 AC196956 7 78384309 78386957
328 AC196961 7 148119935 148120246
329 AC196974 4 6169967 6170717
330 AC196978 10 4519228 4520682
331 AC196984 3 130799577 130800546
332 AC197013 7 159072029 159072691
333 AC197029 7 105535241 105536693
334 AC197038 7 74832395 74832927
335 AC197054 1 268608515 268609030
336 AC197056 2 76048941 76053307
337 AC197109 5 45205695 45208615
338 AC197118 5 78854170 78855444
339 AC197124 6 112093850 112094945
340 AC197146 10 2469594 2470557
341 AC197164 5 59157457 59159966
342 AC197246 1 192021033 192023662
343 AC197265 5 83182422 83182898
344 AC197267 9 51816232 51816516
345 AC197274 4 180294667 180295360
346 AC197340 2 42594226 42594600
347 AC197355 5 105006707 105006913
348 AC197373 3 41195538 41195750
349 AC197376 6 115898529 115899412
350 AC197477 7 157976808 157978275
351 AC197541 3 169077671 169078677
352 AC197545 1 27402071 27407508
353 AC197575 2 33124626 33127510
354 AC197583 10 69086965 69087651
355 AC197718 3 160350168 160350773
356 AC197738 1 291557247 291557675
357 AC197757 4 25368083 25368340
358 AC197770 10 96023415 96024029
359 AC197783 4 200090785 200093282
360 AC197837 9 92432135 92432908
361 AC197903 3 7935061 7935883
362 AC197909 6 66161438 66162930
363 AC198019 9 72385688 72386059
364 AC198122 9 70874546 70878318
365 AC198169 5 188439377 188441191
366 AC198179 6 35314660 35316716
367 AC198230 8 49872504 49872996
368 AC198353 2 189421294 189435458
369 AC198357 7 85368611 85369622
370 AC198371 10 5885143 5885502
371 AC198380 7 101903596 101905053
372 AC198382 10 20648082 20649014
373 AC198393 7 71698890 71699513
374 AC198403 4 10908007 10908645
375 AC198479 7 118118380 118119710
376 AC198481 7 170140854 170144943
377 AC198490 8 105803146 105804554
378 AC198506 10 124447002 124448138
379 AC198509 10 114832384 114832975
380 AC198510 8 66191983 66192444
381 AC198518 3 107365575 107376901
382 AC198597 7 136831818 136832429
383 AC198691 3 201937834 201939523
384 AC198700 2 221315241 221316128
385 AC198721 10 12419043 12421373
386 AC198766 5 153520947 153521894
387 AC198781 10 5283319 5283543
388 AC198787 10 85713004 85713728
389 AC198937 4 83598015 83599405
390 AC198940 2 219482609 219484101
391 AC198979 1 10988031 10988423
392 AC198981 2 176490589 176492124
393 AC198993 4 85305111 85307490
394 AC199001 8 134437378 134439226
395 AC199039 8 134989566 134990872
396 AC199043 8 68449768 68450025
397 AC199054 9 121056459 121057219
398 AC199067 3 176496420 176497055
399 AC199315 8 137759714 137759959
400 AC199355 10 117236051 117237491
401 AC199382 10 136364044 136364770
402 AC199439 8 145222300 145228514
403 AC199479 5 164106027 164107870
404 AC199481 4 48491251 48493168
405 AC199492 8 148959740 148960027
406 AC199524 1 171087606 171088259
407 AC199577 5 81899642 81900229
408 AC199624 7 2558147 2560699
409 AC199632 8 154243351 154244932
410 AC199703 10 34506764 34507279
411 AC199768 2 224054778 224055587
412 AC199771 8 133650078 133650413
413 AC199782 2 195008291 195011505
414 AC199873 3 13999315 14000310
415 AC199893 1 229768675 229769373
416 AC199956 8 41138528 41139091
417 AC200047 10 87580509 87580877
418 AC200069 10 115957868 115958462
419 AC200122 6 103519564 103520313
420 AC200124 6 62906675 62907010
421 AC200138 1 149102344 149104392
422 AC200143 7 159212640 159213433
423 AC200178 2 94558678 94559148
424 AC200215 5 158082236 158084792
425 AC200225 10 52766705 52767221
426 AC200228 1 107029873 107031732
427 AC200240 8 130758907 130759643
428 AC200256 1 234999272 235000223
429 AC200287 6 86206158 86211021
430 AC200535 3 161441079 161441513
431 AC200540 7 137150658 137151814
432 AC200739 9 85504986 85505429
433 AC200876 3 57239255 57240268
434 AC200904 3 33171201 33175005
435 AC201769 6 45872526 45872837
436 AC201791 5 176834174 176836153
437 AC201797 1 273898097 273899789
438 AC201969 6 64799713 64801098
439 AC201995 2 203878820 203880618
440 AC202011 1 206385255 206385971
441 AC202040 5 33949484 33950983
442 AC202073 2 47164103 47167284
443 AC202092 10 49511567 49512109
444 AC202179 6 83797316 83799644
445 AC202181 8 150500176 150501036
446 AC202185 1 122169769 122170959
447 AC202187 4 87786424 87788218
448 AC202384 2 212094754 212095766
449 AC202396 5 23786384 23786996
450 AC202417 7 126255791 126256087
451 AC202439 6 113848060 113853626
452 AC202534 2 222250322 222250852
453 AC202567 5 155078442 155083575
454 AC202855 4 195800399 195801067
455 AC202867 3 132338848 132339498
456 AC202921 3 178335948 178336418
457 AC202930 9 94921230 94921649
458 AC202950 5 1442305 1443648
459 AC202953 1 207219396 207219755
460 AC202991 4 199734374 199735510
461 AC203006 5 204109159 204110040
462 AC203019 1 262631263 262632023
463 AC203048 5 21236878 21238076
464 AC203090 1 215039110 215039376
465 AC203101 6 122296523 122297559
466 AC203148 8 113429060 113431016
467 AC203173 8 174704704 174705862
468 AC203176 6 13423878 13424672
469 AC203220 7 82426758 82431201
470 AC203227 8 72686293 72686873
471 AC203228 7 125799136 125799693
472 AC203237 8 108854645 108855896
473 AC203262 1 148522912 148523271
474 AC203280 1 119986431 119987661
475 AC203306 6 60977409 60978952
476 AC203324 5 199192554 199194175
477 AC203359 5 184876164 184876598
478 AC203381 8 173616237 173616479
479 AC203382 1 223854265 223855707
480 AC203392 8 166633873 166636621
481 AC203394 2 128229815 128231627
482 AC203437 10 114968461 114969201
483 AC203571 9 113626763 113627665
484 AC203672 7 114584304 114584768
485 AC203752 6 96852559 96855516
486 AC203754 6 151324495 151328709
487 AC203802 10 105893017 105893472
488 AC203806 3 166570952 166572640
489 AC203831 3 5330304 5334325
490 AC203841 10 124203420 124206245
491 AC203847 8 132497812 132499542
492 AC203855 8 140616953 140617243
493 AC203928 9 92723342 92723680
494 AC203944 4 156055069 156055530
495 AC203956 9 113501771 113507403
496 AC203957 2 175112513 175113155
497 AC203966 1 299607381 299608496
498 AC203976 8 63472279 63473710
499 AC204015 4 60178146 60182678
500 AC204051 2 67638304 67638774
501 AC204212 5 201176613 201176903
502 AC204254 8 8731323 8731769
503 AC204277 8 118056368 118180778
504 AC204292 6 137202357 137202761
505 AC204298 5 135329432 135331774
506 AC204311 2 123584828 123587646
507 AC204352 6 157024878 157026267
508 AC204381 3 192472924 192477077
509 AC204437 10 144630460 144631173
510 AC204476 5 186583176 186584730
511 AC204502 8 169827039 169828124
512 AC204530 1 61615319 61623145
513 AC204552 1 89105179 89106925
514 AC204563 7 11798209 11799471
515 AC204569 2 111759921 111760958
516 AC204591 1 249670690 249671107
517 AC204605 4 37222415 37223459
518 AC204662 6 14780581 14781189
519 AC204712 3 200055709 200056337
520 AC204717 2 163613310 163614610
521 AC204763 6 159665741 159666981
522 AC204768 7 98942869 98944398
523 AC204772 7 143426116 143426532
524 AC204891 4 151943620 151949271
525 AC204931 1 54339822 54341185
526 AC204953 2 139539324 139540016
527 AC205035 6 128958829 128962729
528 AC205078 2 46578258 46579055
529 AC205122 7 2136346 2138599
530 AC205158 4 49816102 49817675
531 AC205165 9 29960061 29960432
532 AC205171 2 81348344 81348745
533 AC205175 1 100584532 100586298
534 AC205250 8 168672731 168673372
535 AC205274 8 51816720 51817223
536 AC205320 7 6074885 6075509
537 AC205331 5 114357687 114359514
538 AC205369 3 27009795 27010493
539 AC205395 6 121885339 121886398
540 AC205411 5 130069267 130069707
541 AC205476 6 67248696 67249298
542 AC205484 4 124806078 124815001
543 AC205485 4 183259293 183262134
544 AC205490 5 5625702 5626439
545 AC205496 4 75586024 75586524
546 AC205513 1 101000402 101001764
547 AC205521 4 69364289 69368910
548 AC205558 1 102933979 102934377
549 AC205560 4 122584264 122586160
550 AC205562 4 73393296 73394258
551 AC205567 1 81969963 81970748
552 AC205574 3 3475924 3478585
553 AC205591 4 215231587 215232526
554 AC205672 4 145522532 145523547
555 AC205703 5 181052731 181062140
556 AC205709 9 135087675 135088943
557 AC205712 9 45980491 45981957
558 AC205722 4 37144281 37195443
559 AC205725 1 23581656 23585140
560 AC205813 3 195834713 195836359
561 AC205833 3 103470879 103471521
562 AC205888 1 59139736 59143161
563 AC205907 2 57262956 57263591
564 AC205968 5 59454147 59454392
565 AC206156 6 14457923 14458954
566 AC206165 6 159812446 159814104
567 AC206166 7 104563777 104564175
568 AC206184 6 49259132 49259713
569 AC206194 10 120852363 120853621
570 AC206198 1 219771138 219772223
571 AC206201 1 295012115 295016498
572 AC206217 6 151987439 151987999
573 AC206227 5 116457822 116461791
574 AC206262 6 157339389 157339744
575 AC206266 9 17912059 17915143
576 AC206332 4 125517342 125520175
577 AC206503 2 106348790 106352680
578 AC206519 5 83061702 83062364
579 AC206582 9 28455440 28456056
580 AC206642 2 78235122 78237315
581 AC206647 9 147765777 147766127
582 AC206655 6 12702070 12702450
583 AC206698 8 116970512 116973541
584 AC206700 5 93866207 93867113
585 AC206763 2 183041787 183068678
586 AC206768 3 88519056 88522043
587 AC206831 9 147596679 147598597
588 AC206832 4 154055826 154056533
589 AC206946 6 113217949 113221227
590 AC206951 1 17510767 17511249
591 AC206952 4 186223872 186225984
592 AC206969 4 38479486 38481293
593 AC206980 2 5106347 5106922
594 AC206989 1 196339497 196340170
595 AC206999 1 172746375 172750288
596 AC207019 1 252588803 252589604
597 AC207080 5 187357227 187359834
598 AC207188 2 20744009 20744560
599 AC207189 6 131109158 131109433
600 AC207260 6 88980247 88980717
601 AC207265 9 14841003 14847246
602 AC207328 4 127236626 127237165
603 AC207383 2 171872331 171873419
604 AC207533 2 152833438 152833800
605 AC207544 7 3870476 3872464
606 AC207546 1 298045366 298052522
607 AC207549 1 66427079 66427957
608 AC207575 6 84725441 84725872
609 AC207619 1 192886113 192887372
610 AC207649 6 5722514 5724777
611 AC207655 7 137015472 137020065
612 AC207722 7 147094051 147095216
613 AC207732 2 187341380 187342009
614 AC207740 3 4877182 4877431
615 AC207755 10 6168361 6170371
616 AC207793 3 98618272 98619422
617 AC207798 6 128666752 128668062
618 AC207814 3 58538504 58539649
619 AC207888 2 234934166 234936217
620 AC207890 4 94458790 94464286
621 AC208023 9 108726776 108730185
622 AC208042 8 745608 746384
623 AC208082 5 14002352 14005405
624 AC208109 7 31523955 31527309
625 AC208113 1 263063404 263064558
626 AC208217 5 84552356 84552583
627 AC208221 2 38530563 38533169
628 AC208308 1 155357505 155358597
629 AC208346 3 183632832 183634775
630 AC208348 5 216749556 216751130
631 AC208436 1 45103541 45110166
632 AC208559 4 125133238 125135926
633 AC208564 1 186769872 186771158
634 AC208576 1 63593804 63595171
635 AC208577 5 174986846 174987395
636 AC208579 10 144118957 144122482
637 AC208610 2 237551299 237551802
638 AC208641 4 11641272 11643751
639 AC208724 4 230752308 230755183
640 AC208848 3 110539372 110539857
641 AC208892 2 216992253 216993394
642 AC208895 3 33198963 33205071
643 AC208897 1 27116753 27121571
644 AC208905 9 18954282 18954557
645 AC208916 6 150297817 150298482
646 AC208920 4 78282424 78283106
647 AC209016 1 297335638 297339666
648 AC209051 5 170808922 170811959
649 AC209093 3 190827324 190830545
650 AC209168 5 189966347 189966802
651 AC209206 10 137483609 137485989
652 AC209208 5 193289285 193293210
653 AC209212 1 299763003 299765663
654 AC209332 5 21048366 21051225
655 AC209364 3 225847304 225847999
656 AC209438 1 58612001 58612577
657 AC209629 6 118886362 118887781
658 AC209636 6 146759981 146761060
659 AC209651 9 33514579 33515076
660 AC209704 2 48486709 48487849
661 AC209705 9 72007534 72010517
662 AC209710 7 27136557 27137731
663 AC209718 3 5567041 5568966
664 AC209723 7 79231473 79234903
665 AC209732 4 85420726 85427341
666 AC209738 3 219185895 219186746
667 AC209739 2 111946588 111947664
668 AC209744 3 130287229 130288169
669 AC209768 2 234259842 234260285
670 AC209778 9 126785235 126785764
671 AC209784 3 181029393 181032190
672 AC209810 3 165488280 165489386
673 AC209831 3 203840464 203843595
674 AC209835 5 21903402 21908618
675 AC209845 1 200534560 200535444
676 AC209859 6 128136101 128137592
677 AC209871 10 90381629 90382024
678 AC209898 5 59747662 59750475
679 AC209946 6 73965119 73980837
680 AC209962 8 107622174 107622494
681 AC210005 1 176458022 176460052
682 AC210013 5 3324795 3325808
683 AC210163 3 169777886 169778230
684 AC210173 1 224102015 224105677
685 AC210189 3 115028399 115030086
686 AC210193 3 196630718 196631557
687 AC210280 9 104395999 104441765
688 AC210413 8 125930060 125930944
689 AC210422 3 221997560 221998315
690 AC210595 9 43528360 43531127
691 AC210669 8 52843676 52844559
692 AC210670 7 93774782 93778884
693 AC210724 2 192709181 192710126
694 AC210727 10 35340112 35342514
695 AC210731 6 164521728 164522009
696 AC210741 3 142042253 142044673
697 AC210792 8 125672891 125674939
698 AC210809 4 228953557 228956274
699 AC210828 1 172858022 172858531
700 AC210848 5 89755507 89760883
701 AC210883 5 19204044 19206292
702 AC210949 5 122985790 122987403
703 AC210961 5 12162679 12163338
704 AC210976 2 232051046 232052734
705 AC211175 3 199925329 199929014
706 AC211178 9 146327728 146328498
707 AC211190 5 144563243 144566913
708 AC211250 6 83294651 83295708
709 AC211261 1 17749666 17752419
710 AC211269 5 160705269 160705823
711 AC211276 5 16435870 16436952
712 AC211325 3 15218187 15218842
713 AC211328 8 108504350 108504865
714 AC211352 5 173521042 173522448
715 AC211357 5 212650032 212650541
716 AC211359 7 147871598 147872710
717 AC211398 2 165539524 165539994
718 AC211401 1 271251593 271252825
719 AC211403 3 47601888 47605588
720 AC211411 5 158263775 158265213
721 AC211467 1 126123793 126124206
722 AC211478 3 141524463 141524927
723 AC211479 9 87129326 87130576
724 AC211513 1 80488728 80491611
725 AC211514 5 84374907 84376766
726 AC211577 1 97282414 97282725
727 AC211639 1 267486714 267487564
728 AC211669 3 176096084 176096802
729 AC211687 8 15878366 15879552
730 AC211702 2 209318964 209320529
731 AC211737 5 193210575 193218286
732 AC211744 3 96926424 96926870
733 AC211758 4 227994987 227998301
734 AC211933 9 101794869 101797379
735 AC212112 5 206244868 206250336
736 AC212186 1 256619255 256619695
737 AC212187 9 64034455 64034778
738 AC212219 1 44959524 44965072
739 AC212231 1 73108915 73110753
740 AC212244 1 205286083 205287033
741 AC212286 5 178019786 178020826
742 AC212323 1 179895948 179896877
743 AC212343 4 210223762 210224408
744 AC212353 9 3476383 3477618
745 AC212394 6 153381011 153381292
746 AC212451 2 218673730 218674577
747 AC212457 6 107924421 107925152
748 AC212465 6 115489705 115489989
749 AC212467 5 87963083 87963388
750 AC212570 7 20630440 20632053
751 AC212574 4 194388248 194389120
752 AC212575 8 10657363 10658883
753 AC212685 7 48556297 48557470
754 AC212755 4 6213595 6214242
755 AC212779 2 63479746 63480702
756 AC212887 6 117270438 117271986
757 AC212898 3 214798477 214800910
758 AC212976 1 175322341 175322751
759 AC213395 5 56885996 56887222
760 AC213398 3 138325441 138328272
761 AC213455 7 158170083 158171896
762 AC213463 5 13055786 13056733
763 AC213600 3 44316721 44341440
764 AC213619 2 53451022 53451429
765 AC213621 6 151764108 151772606
766 AC213629 1 213937697 213938287
767 AC213631 8 170326580 170327519
768 AC213651 9 44668282 44670431
769 AC213654 3 187955309 187956397
770 AC213666 4 24212769 24213260
771 AC213668 1 41089554 41091391
772 AC213670 1 184997074 184997601
773 AC213800 6 136472085 136472786
774 AC213884 6 140654814 140658704
775 AC213896 9 9403905 9405942
776 AC213981 1 122892268 122892714
777 AC214046 10 148429894 148430517
778 AC214119 7 9539807 9546678
779 AC214168 2 56303460 56307448
780 AC214256 5 3988001 3989485
781 AC214257 4 109085684 109086142
782 AC214266 10 42538724 42541153
783 AC214267 1 239472074 239474744
784 AC214353 3 102505801 102506443
785 AC214358 6 28986447 28987419
786 AC214359 3 109697715 109701112
787 AC214484 5 29989291 29989755
788 AC214485 4 217061437 217062756
789 AC214502 8 15331212 15331838
790 AC214503 9 21108088 21108534
791 AC214531 4 68666651 68670321
792 AC214660 2 110181145 110183384
793 AC214764 3 111181062 111181466
794 AC214765 6 119698231 119698554
795 AC214791 10 36388692 36389587
796 AC214840 2 155880882 155886798
797 AC214841 1 34519884 34520393
798 AC215181 5 10507848 10508828
799 AC215195 1 289400417 289401169
800 AC215201 6 142273602 142277673
801 AC215244 4 193913421 193938698
802 AC215260 3 17028295 17029722
803 AC215290 2 39656239 39657693
804 AC215302 9 96449093 96449377
805 AC215501 2 200454311 200456386
806 AC215509 5 148279980 148280828
807 AC215607 9 54962396 54963242
808 AC215611 7 171735072 171735575
809 AC215678 2 10756895 10758167
810 AC215690 10 106806917 106810314
811 AC215811 5 68433825 68438097
812 AC215875 9 36232366 36233372
813 AC215994 2 10396314 10400046
814 AC216010 3 139058878 139066205
815 AC216067 4 204522926 204524923
816 AC216070 5 198264387 198267356
817 AC216199 9 117790161 117790850
818 AC216229 10 128004578 128005518
819 AC216247 1 63539446 63541925
820 AC216251 4 104613139 104617209
821 AC216253 1 197014553 197016806
822 AC216256 9 78299388 78299804
823 AC216264 5 45935739 45938648
824 AC216369 10 78109503 78113482
825 AC216724 8 101413132 101414004
826 AC216730 9 112230148 112230957
827 AC216731 5 201922853 201924054
828 AC216872 4 156369171 156370742
829 AC217043 10 125226157 125230940
830 AC217049 2 51947591 51947995
831 AC217050 1 214826247 214832389
832 AC217121 4 79134372 79136735
833 AC217241 4 187051150 187051353
834 AC217252 3 22920767 22921867
835 AC217271 4 187879119 187881690
836 AC217293 2 232360732 232362648
837 AC217295 3 161605294 161605711
838 AC217300 1 43397120 43402793
839 AC217358 1 296971340 296973618
840 AC217370 3 121041430 121044520
841 AC217376 1 215066512 215066829
842 AC217401 1 264916580 264919588
843 AC217550 5 15741455 15741972
844 AC217556 5 37953396 37958889
845 AC217560 5 39652421 39652858
846 AC217561 4 86944779 86946463
847 AC217665 4 117430134 117432276
848 AC217811 4 112634428 112635756
849 AC217823 5 70692233 70695841
850 AC217840 5 162882152 162883083
851 AC217841 3 77749302 77749802
852 AC217887 9 122196109 122197617
853 AC217946 1 5649337 5652072
854 AC217947 4 71563276 71568710
855 AC217966 7 4091140 4113289
856 AC218005 7 129799220 129801079
857 AC218035 8 103049944 103050476
858 AC218093 2 26392658 26396682
859 AC218148 6 159575425 159577425
860 AC218932 10 5122771 5123808
861 AC218972 8 170157267 170177595
862 AC218998 4 6018554 6022306
863 AC219006 8 131500169 131501459
864 AC219035 2 211043608 211046043
865 AC219043 3 17190637 17191047
866 AC219079 3 114477582 114478346
867 AC219108 1 48772379 48772760
868 AC219156 8 28479931 28481459
869 AC219190 9 101140280 101142526
870 AC220924 9 36453748 36457421
871 AC220954 2 89454939 89457906
872 AC220972 3 55477499 55478263
873 AC221004 7 5870022 5872548
874 AC225127 4 195238766 195239580
875 AC225173 10 63501731 63504967
876 AC225179 3 81088310 81089023
877 AC225193 9 113078264 113081315
878 AC225345 1 49794548 49795501
879 AC225363 10 110602990 110603545
880 AC225566 7 131603318 131605733
881 AC225716 9 34287760 34288883
882 AC225790 7 137737900 137738283
883 AC225993 9 60107985 60108650
884 AC226203 5 203601864 203602157
885 AC226225 2 35163457 35164607
886 AC226227 10 128989187 128990833
887 AC226231 1 42729878 42730902
888 AC226243 1 16331866 16332510
889 AC226248 8 102544991 102547209
890 AC226368 1 63042943 63044583
891 AC226536 2 140939917 140940599
892 AC229978 2 176993654 176994449
893 AC230021 2 191080790 191081584
894 AC231226 10 138800868 138801637
895 AC231409 2 16953196 16953660
896 AC231411 6 165825782 165826984
897 AC231425 3 137316280 137316990
898 AC231441 1 32669807 32670906
899 AC231745 9 18244857 18253252
900 AC231747 10 108482845 108489487
901 AC231755 6 159452810 159453331
902 AC232393 5 215887035 215888765
903 AC233851 3 189514210 189514575
904 AC233854 8 76508873 76510400
905 AC233863 9 98988776 98989135
906 AC233864 8 123543280 123543916
907 AC233867 1 183177109 183178163
908 AC233879 6 140536933 140537347
909 AC233881 5 200296332 200297094
910 AC233882 3 205890562 205895099
911 AC233887 2 56074792 56077041
912 AC233895 6 140596595 140599177
913 AC233898 10 10399523 10404065
914 AC233910 2 198387582 198390321
915 AC233914 10 149031743 149032123
916 AC233916 8 163461417 163462799
917 AC233922 4 238584690 238585813
918 AC233938 5 179122079 179122408
919 AC233946 3 206753988 206754758
920 AC233950 1 265811310 265813043
921 AC233952 2 210142584 210143732
922 AC233953 8 158999254 159003733
923 AC233956 6 20967370 20967948
924 AC233959 5 80447880 80448182
925 AC233979 10 135080592 135082824
926 AC234149 8 122853439 122855882
927 AC234152 8 101584705 101585465
928 AC234154 7 138739057 138742885
929 AC234155 8 119108476 119111418
930 AC234159 7 171387756 171390725
931 AC234163 7 108281274 108282958
932 AC234180 9 77428240 77429899
933 AC234201 10 149185496 149187443
934 AC234203 1 188093914 188095641
935 AC234515 5 83593466 83596538
936 AC234520 1 164385467 164386297
937 AC234526 7 133901562 133903864
938 AC235534 10 136957426 136964000
939 AC235535 8 53065387 53078717
940 AC235543 6 148897772 148900157
941 AC235546 7 19658743 19659576
942 AY530952 6 108515234 108519103
943 AY542798 1 258931431 258935849
944 GRMZM2G000035 8 8557873 8558608
945 GRMZM2G000076 3 98152322 98156010
946 GRMZM2G000107 3 51328187 51329501
947 GRMZM2G000114 2 99277796 99288222
948 GRMZM2G000126 7 32427 33692
949 GRMZM2G000195 4 207257352 207260354
950 GRMZM2G000199 1 15524543 15524890
951 GRMZM2G000221 7 31098654 31099324
952 GRMZM2G000223 10 128610165 128610584
953 GRMZM2G000236 9 7308583 7310336
954 GRMZM2G000245 10 128583775 128590952
955 GRMZM2G000256 8 143768355 143771610
956 GRMZM2G000264 7 138130885 138155634
957 GRMZM2G000268 10 120471080 120473633
958 GRMZM2G000339 10 14503204 14509244
959 GRMZM2G000371 9 14554516 14561276
960 GRMZM2G000376 6 82184847 82194787
961 GRMZM2G000380 4 123691138 123693078
962 GRMZM2G000404 7 127759234 127761579
963 GRMZM2G000427 1 17014898 17017667
964 GRMZM2G000431 2 86629426 86631751
965 GRMZM2G000435 1 197825557 197827505
966 GRMZM2G000451 7 170289679 170293772
967 GRMZM2G000483 8 14937437 14938804
968 GRMZM2G000510 4 32432 63642
969 GRMZM2G000531 4 136666 140200
970 GRMZM2G000536 1 238876146 238877134
971 GRMZM2G000540 1 238877405 238886154
972 GRMZM2G000566 9 102396761 102400756
973 GRMZM2G000587 9 1587520 1589144
974 GRMZM2G000593 3 216566111 216570094
975 GRMZM2G000601 2 173344294 173348658
976 GRMZM2G000603 6 16792708 16799173
977 GRMZM2G000608 4 202064268 202067036
978 GRMZM2G000614 3 201607912 201617576
979 GRMZM2G000615 3 191672176 191679010
980 GRMZM2G000623 9 1599021 1610026
981 GRMZM2G000632 1 47479166 47484561
982 GRMZM2G000674 6 111944542 111947181
983 GRMZM2G000700 8 75409243 75415379
984 GRMZM2G000706 8 75416336 75419590
985 GRMZM2G000718 7 168697253 168700857
986 GRMZM2G000719 8 148325645 148330628
987 GRMZM2G000729 6 152765472 152767303
988 GRMZM2G000739 8 145440727 145444600
989 GRMZM2G000741 1 15906109 15908394
990 GRMZM2G000753 5 42685742 42689763
991 GRMZM2G000777 8 89037639 89038602
992 GRMZM2G000816 6 149865243 149868499
993 GRMZM2G000825 7 176172984 176175182
994 GRMZM2G000829 6 149784438 149788430
995 GRMZM2G000842 6 149721943 149728049
996 GRMZM2G000909 9 24491862 24494710
997 GRMZM2G000923 1 60165433 60167725
998 GRMZM2G000937 5 68556119 68560409
999 GRMZM2G001004 4 146350462 146351249
1000 GRMZM2G001033 5 182238939 182244389
1001 GRMZM2G001079 1 44180950 44184915
1002 GRMZM2G001084 2 64406191 64419932
1003 GRMZM2G001106 10 132817599 132819289
1004 GRMZM2G001114 7 82672543 82681909
1005 GRMZM2G001116 4 2526282 2530668
1006 GRMZM2G001139 8 155471126 155475290
1007 GRMZM2G001173 5 161025064 161026935
1008 GRMZM2G001200 4 192249616 192251169
1009 GRMZM2G001219 3 225256044 225257836
1010 GRMZM2G001221 6 159455358 159458228
1011 GRMZM2G001243 8 135551796 135553563
1012 GRMZM2G001247 2 217334516 217335756
1013 GRMZM2G001265 10 103214135 103232643
1014 GRMZM2G001288 1 64716645 64726452
1015 GRMZM2G001289 2 8289449 8295760
1016 GRMZM2G001297 2 217350438 217356267
1017 GRMZM2G001327 6 136879632 136883004
1018 GRMZM2G001388 2 230371287 230373192
1019 GRMZM2G001405 2 226372823 226374148
1020 GRMZM2G001415 3 229171728 229177513
1021 GRMZM2G001421 8 26349954 26355148
1022 GRMZM2G001426 3 69955113 69957194
1023 GRMZM2G001444 2 230387343 230396684
1024 GRMZM2G001447 3 229178439 229179276
1025 GRMZM2G001466 10 8808134 8810441
1026 GRMZM2G001500 10 21730899 21736011
1027 GRMZM2G001530 10 77686953 77691930
1028 GRMZM2G001541 4 199393793 199396980
1029 GRMZM2G001577 1 236300015 236301250
1030 GRMZM2G001592 1 236295652 236297567
1031 GRMZM2G001639 7 141630966 141633497
1032 GRMZM2G001645 7 133972699 133976989
1033 GRMZM2G001648 8 130771307 130772151
1034 GRMZM2G001661 1 298042882 298044706
1035 GRMZM2G001676 1 233457233 233460465
1036 GRMZM2G001696 1 35744405 35748812
1037 GRMZM2G001721 8 19242261 19242863
1038 GRMZM2G001724 5 19911335 19915550
1039 GRMZM2G001764 1 233507304 233511800
1040 GRMZM2G001803 1 198682569 198689207
1041 GRMZM2G001812 1 233516802 233520835
1042 GRMZM2G001853 10 109362839 109364086
1043 GRMZM2G001867 4 97004346 97006580
1044 GRMZM2G001869 1 274785487 274790444
1045 GRMZM2G001887 5 27413179 27416237
1046 GRMZM2G001889 5 109766716 109769286
1047 GRMZM2G001904 10 9142798 9147732
1048 GRMZM2G001915 8 39585747 39598649
1049 GRMZM2G001930 1 98363080 98365896
1050 GRMZM2G001938 7 13850115 13852286
1051 GRMZM2G001953 4 182363662 182367486
1052 GRMZM2G001973 2 186764036 186767919
1053 GRMZM2G001977 2 187436882 187438433
1054 GRMZM2G001981 3 226960623 226961493
1055 GRMZM2G001991 8 73364927 73369815
1056 GRMZM2G002023 8 164783952 164789518
1057 GRMZM2G002034 8 73369712 73372534
1058 GRMZM2G002075 2 186805630 186808458
1059 GRMZM2G002131 2 186829422 186833486
1060 GRMZM2G002142 2 186842960 186845669
1061 GRMZM2G002147 8 159431234 159433016
1062 GRMZM2G002165 3 188589431 188595257
1063 GRMZM2G002178 1 28926394 28928611
1064 GRMZM2G002227 9 16906324 16909525
1065 GRMZM2G002297 8 148432627 148440294
1066 GRMZM2G002304 8 159442201 159444189
1067 GRMZM2G002309 9 130246346 130251841
1068 GRMZM2G002391 10 63243960 63246098
1069 GRMZM2G002396 7 33388320 33389840
1070 GRMZM2G002420 4 223976656 223980156
1071 GRMZM2G002465 7 99117054 99117824
1072 GRMZM2G002473 6 128703780 128708036
1073 GRMZM2G002492 1 23936134 23940744
1074 GRMZM2G002498 1 23489736 23492971
1075 GRMZM2G002499 1 264784182 264785824
1076 GRMZM2G002515 1 113534937 113538489
1077 GRMZM2G002529 6 15431258 15433581
1078 GRMZM2G002548 3 210184665 210188312
1079 GRMZM2G002559 2 8812127 8816748
1080 GRMZM2G002578 3 225185181 225186942
1081 GRMZM2G002606 3 225173855 225181042
1082 GRMZM2G002616 3 132487153 132491826
1083 GRMZM2G002626 3 174731416 174737507
1084 GRMZM2G002756 4 82577326 82580747
1085 GRMZM2G002786 8 174954712 174956655
1086 GRMZM2G002815 5 2366008 2366654
1087 GRMZM2G002818 10 84043612 84045591
1088 GRMZM2G002825 5 2362605 2365059
1089 GRMZM2G002828 2 196564815 196569043
1090 GRMZM2G002830 3 41472817 41474175
1091 GRMZM2G002851 2 198678338 198684422
1092 GRMZM2G002858 8 172963604 172967100
1093 GRMZM2G002859 5 22619891 22625491
1094 GRMZM2G002863 10 110962341 110965131
1095 GRMZM2G002879 2 203291344 203297928
1096 GRMZM2G002894 7 14331499 14346417
1097 GRMZM2G002898 1 223887142 223891903
1098 GRMZM2G002910 7 6422634 6438988
1099 GRMZM2G002918 10 110966681 110975722
1100 GRMZM2G002961 5 66881375 66888882
1101 GRMZM2G002978 2 59987055 59992369
1102 GRMZM2G002993 3 122531242 122533227
1103 GRMZM2G003022 8 38526609 38531196
1104 GRMZM2G003023 9 5346390 5349820
1105 GRMZM2G003038 7 95566311 95570187
1106 GRMZM2G003057 10 137776899 137779835
1107 GRMZM2G003059 10 34934946 34936353
1108 GRMZM2G003068 5 2358645 2361756
1109 GRMZM2G003090 10 34938544 34940065
1110 GRMZM2G003092 4 176286625 176289845
1111 GRMZM2G003108 5 2350545 2357083
1112 GRMZM2G003109 5 1977566 1981431
1113 GRMZM2G003157 4 237802000 237811993
1114 GRMZM2G003167 9 4777176 4778054
1115 GRMZM2G003246 7 126570688 126572283
1116 GRMZM2G003252 2 217997897 218001974
1117 GRMZM2G003289 9 19364081 19366785
1118 GRMZM2G003304 1 218768607 218773417
1119 GRMZM2G003307 2 19661322 19665296
1120 GRMZM2G003318 1 101275700 101279518
1121 GRMZM2G003331 2 218004231 218008191
1122 GRMZM2G003342 7 118651836 118657403
1123 GRMZM2G003384 5 179438315 179440545
1124 GRMZM2G003385 3 185890806 185895516
1125 GRMZM2G003389 9 82749869 82753230
1126 GRMZM2G003411 4 231940938 231947594
1127 GRMZM2G003488 9 69698893 69703919
1128 GRMZM2G003489 1 275536822 275539065
1129 GRMZM2G003493 8 161170683 161172594
1130 GRMZM2G003496 6 13204946 13206071
1131 GRMZM2G003509 1 173247422 173257861
1132 GRMZM2G003514 4 156111148 156118294
1133 GRMZM2G003518 8 161173197 161176181
1134 GRMZM2G003520 1 20105587 20106381
1135 GRMZM2G003565 2 49685915 49690864
1136 GRMZM2G003584 3 185850681 185851729
1137 GRMZM2G003638 6 1711372 1714515
1138 GRMZM2G003640 1 256356645 256366348
1139 GRMZM2G003642 4 26420994 26427257
1140 GRMZM2G003648 10 104836347 104837505
1141 GRMZM2G003656 1 173231295 173236826
1142 GRMZM2G003662 4 27443538 27447074
1143 GRMZM2G003663 4 223648054 223650976
1144 GRMZM2G003679 6 18845195 18846195
1145 GRMZM2G003692 2 118693752 118711200
1146 GRMZM2G003711 7 51811690 51812203
1147 GRMZM2G003725 6 113961414 113963343
1148 GRMZM2G003732 10 4641205 4667438
1149 GRMZM2G003734 8 137305633 137329951
1150 GRMZM2G003738 9 136631883 136632996
1151 GRMZM2G003750 10 4667843 4670649
1152 GRMZM2G003752 2 16230476 16232541
1153 GRMZM2G003762 10 4676399 4679040
1154 GRMZM2G003769 2 23574254 23575214
1155 GRMZM2G003775 2 28759344 28760458
1156 GRMZM2G003784 2 23571007 23573147
1157 GRMZM2G003789 7 25828158 25833756
1158 GRMZM2G003821 8 10155508 10156261
1159 GRMZM2G003869 7 128171457 128175452
1160 GRMZM2G003883 3 44224071 44229611
1161 GRMZM2G003909 1 119419555 119420950
1162 GRMZM2G003916 10 124777310 124778763
1163 GRMZM2G003917 10 124780180 124781200
1164 GRMZM2G003927 7 110359181 110359929
1165 GRMZM2G003963 8 168638540 168642581
1166 GRMZM2G003984 1 48950102 48996294
1167 GRMZM2G003988 4 236227362 236231111
1168 GRMZM2G004012 1 267212959 267213967
1169 GRMZM2G004023 9 150981930 150986130
1170 GRMZM2G004036 1 285460485 285462102
1171 GRMZM2G004054 5 217240540 217241326
1172 GRMZM2G004083 8 22179442 22181716
1173 GRMZM2G004106 1 267219143 267220096
1174 GRMZM2G004110 6 54794404 54799870
1175 GRMZM2G004163 10 12106911 12107696
1176 GRMZM2G004180 4 151776491 151778098
1177 GRMZM2G004188 2 195089097 195093045
1178 GRMZM2G004191 1 201205860 201208155
1179 GRMZM2G004207 7 121850474 121852443
1180 GRMZM2G004211 10 101021608 101023619
1181 GRMZM2G004278 6 77839960 77841971
1182 GRMZM2G004290 5 4204194 4205739
1183 GRMZM2G004305 2 6462157 6468706
1184 GRMZM2G004314 3 182480564 182481711
1185 GRMZM2G004320 3 165009787 165016904
1186 GRMZM2G004349 6 160191032 160193439
1187 GRMZM2G004354 8 169439232 169439686
1188 GRMZM2G004356 5 4217935 4222848
1189 GRMZM2G004362 3 213703729 213704295
1190 GRMZM2G004380 2 65846881 65847836
1191 GRMZM2G004382 3 213704746 213708470
1192 GRMZM2G004397 1 21464563 21467985
1193 GRMZM2G004412 10 2987323 2996388
1194 GRMZM2G004414 10 4685000 4690508
1195 GRMZM2G004422 1 21468490 21470621
1196 GRMZM2G004435 6 1239847 1243098
1197 GRMZM2G004440 8 169411936 169414537
1198 GRMZM2G004455 6 55293615 55299661
1199 GRMZM2G004459 1 291863334 291871908
1200 GRMZM2G004483 9 115786896 115789786
1201 GRMZM2G004487 1 258307950 258309052
1202 GRMZM2G004521 2 227948067 227952986
1203 GRMZM2G004534 10 4697234 4702141
1204 GRMZM2G004544 9 115798709 115800059
1205 GRMZM2G004548 5 198868435 198870184
1206 GRMZM2G004572 1 141080537 141086038
1207 GRMZM2G004593 3 30565955 30571431
1208 GRMZM2G004619 2 199378454 199380798
1209 GRMZM2G004641 1 13640025 13643871
1210 GRMZM2G004653 3 174378620 174384493
1211 GRMZM2G004683 7 134116824 134118762
1212 GRMZM2G004703 8 119432504 119435151
1213 GRMZM2G004741 4 226531220 226537108
1214 GRMZM2G004752 5 192305677 192306775
1215 GRMZM2G004761 6 101005001 101006302
1216 GRMZM2G004768 5 192312747 192320367
1217 GRMZM2G004828 6 162840181 162841981
1218 GRMZM2G004835 4 226517074 226520697
1219 GRMZM2G004847 5 190249868 190262559
1220 GRMZM2G004856 5 163455309 163457872
1221 GRMZM2G004880 7 154456733 154460236
1222 GRMZM2G004888 6 160211378 160217993
1223 GRMZM2G004898 4 42283502 42284376
1224 GRMZM2G004909 6 162843434 162844174
1225 GRMZM2G004917 6 160225132 160227132
1226 GRMZM2G004924 10 145173826 145178976
1227 GRMZM2G004927 3 228806965 228808513
1228 GRMZM2G004932 6 160229722 160235337
1229 GRMZM2G004946 3 135333552 135338717
1230 GRMZM2G004957 10 84242541 84246082
1231 GRMZM2G004990 7 134112218 134116610
1232 GRMZM2G004997 4 26320084 26324457
1233 GRMZM2G005000 3 179268326 179272233
1234 GRMZM2G005013 9 9725406 9729581
1235 GRMZM2G005016 8 163589593 163592084
1236 GRMZM2G005024 10 84247241 84250052
1237 GRMZM2G005036 6 160236501 160240675
1238 GRMZM2G005061 8 165078477 165084159
1239 GRMZM2G005066 9 9746517 9747590
1240 GRMZM2G005082 3 199694406 199713401
1241 GRMZM2G005107 2 10375613 10379328
1242 GRMZM2G005134 10 3983697 3989917
1243 GRMZM2G005146 2 184401792 184403737
1244 GRMZM2G005170 8 158948951 158965785
1245 GRMZM2G005187 8 141530335 141531661
1246 GRMZM2G005207 10 3995049 3997306
1247 GRMZM2G005209 9 15997603 16000901
1248 GRMZM2G005229 5 182061264 182064285
1249 GRMZM2G005233 5 166513195 166518314
1250 GRMZM2G005251 4 85049552 85054278
1251 GRMZM2G005253 4 31872051 31874710
1252 GRMZM2G005256 4 162793965 162802657
1253 GRMZM2G005269 8 51992846 51994071
1254 GRMZM2G005278 6 96377697 96379655
1255 GRMZM2G005281 1 240723457 240747321
1256 GRMZM2G005284 10 130985137 130987562
1257 GRMZM2G005293 6 140972884 140976767
1258 GRMZM2G005298 8 141524267 141528925
1259 GRMZM2G005308 6 160242305 160249613
1260 GRMZM2G005310 2 10343924 10353439
1261 GRMZM2G005350 8 132714586 132719842
1262 GRMZM2G005374 8 165105287 165109976
1263 GRMZM2G005433 8 158930787 158932238
1264 GRMZM2G005444 3 174576848 174589726
1265 GRMZM2G005456 9 58357289 58373148
1266 GRMZM2G005459 8 158923156 158929579
1267 GRMZM2G005486 2 185760113 185762304
1268 GRMZM2G005493 2 216322526 216327170
1269 GRMZM2G005516 3 106115548 106117041
1270 GRMZM2G005522 9 19293743 19295845
1271 GRMZM2G005540 3 134821484 134822318
1272 GRMZM2G005557 8 119429655 119430420
1273 GRMZM2G005562 5 82585770 82592213
1274 GRMZM2G005583 4 39353665 39360702
1275 GRMZM2G005622 6 21940555 21943830
1276 GRMZM2G005633 10 127392327 127393917
1277 GRMZM2G005640 4 220150949 220154359
1278 GRMZM2G005643 6 157563273 157564426
1279 GRMZM2G005646 4 64954469 64960059
1280 GRMZM2G005652 1 191123118 191128082
1281 GRMZM2G005678 3 49314749 49315243
1282 GRMZM2G005680 5 70177402 70181258
1283 GRMZM2G005732 7 174996930 175030486
1284 GRMZM2G005749 3 230083220 230086157
1285 GRMZM2G005753 3 129581988 129590360
1286 GRMZM2G005815 3 219545853 219552096
1287 GRMZM2G005818 6 157575079 157576190
1288 GRMZM2G005825 3 188982500 188982972
1289 GRMZM2G005834 3 230084074 230087763
1290 GRMZM2G005835 3 46257001 46257639
1291 GRMZM2G005848 10 10791221 10808919
1292 GRMZM2G005859 10 130532355 130535271
1293 GRMZM2G005869 9 131819225 131835908
1294 GRMZM2G005886 9 81943331 81947520
1295 GRMZM2G005887 1 177054677 177059678
1296 GRMZM2G005939 10 127383060 127387699
1297 GRMZM2G005954 2 184649166 184651568
1298 GRMZM2G005977 1 228979879 228980382
1299 GRMZM2G005990 2 221982608 221995089
1300 GRMZM2G005991 1 287217032 287218319
1301 GRMZM2G005998 5 84288296 84290451
1302 GRMZM2G006006 4 169464446 169467658
1303 GRMZM2G006042 10 13788442 13794456
1304 GRMZM2G006080 9 131829771 131832942
1305 GRMZM2G006083 10 60489058 60491256
1306 GRMZM2G006107 5 111290071 111300849
1307 GRMZM2G006112 9 81918767 81920412
1308 GRMZM2G006144 5 82592856 82598078
1309 GRMZM2G006197 4 240229679 240231905
1310 GRMZM2G006212 10 136639606 136641722
1311 GRMZM2G006216 10 127378244 127382708
1312 GRMZM2G006234 4 240227371 240228930
1313 GRMZM2G006252 4 188159849 188168121
1314 GRMZM2G006282 5 66364603 66365175
1315 GRMZM2G006324 7 159979075 159979971
1316 GRMZM2G006325 7 29179392 29182282
1317 GRMZM2G006341 9 136765592 136770087
1318 GRMZM2G006363 4 3896745 3898888
1319 GRMZM2G006366 1 300149664 300152405
1320 GRMZM2G006377 6 157777177 157784371
1321 GRMZM2G006416 7 145800821 145806569
1322 GRMZM2G006428 10 127361272 127371518
1323 GRMZM2G006429 9 136805442 136808918
1324 GRMZM2G006468 4 59674527 59678826
1325 GRMZM2G006480 4 3893114 3896018
1326 GRMZM2G006505 7 159946712 159949166
1327 GRMZM2G006565 2 178728673 178730271
1328 GRMZM2G006578 7 133162135 133172179
1329 GRMZM2G006585 8 51608196 51609613
1330 GRMZM2G006672 4 131038319 131055436
1331 GRMZM2G006673 1 2856654 2869295
1332 GRMZM2G006676 1 19103229 19104088
1333 GRMZM2G006678 2 176721266 176729014
1334 GRMZM2G006714 9 136811288 136814607
1335 GRMZM2G006716 7 6991141 6992291
1336 GRMZM2G006727 10 85697393 85703872
1337 GRMZM2G006734 8 4450388 4453794
1338 GRMZM2G006736 10 75590750 75594654
1339 GRMZM2G006745 8 94530860 94534206
1340 GRMZM2G006752 7 133190585 133195176
1341 GRMZM2G006762 4 185614640 185617814
1342 GRMZM2G006780 4 203709871 203712301
1343 GRMZM2G006781 1 19943296 19948341
1344 GRMZM2G006790 9 103791664 103794881
1345 GRMZM2G006791 5 172434778 172439961
1346 GRMZM2G006821 3 169625352 169626365
1347 GRMZM2G006853 1 177873834 177874726
1348 GRMZM2G006878 7 6947402 6951503
1349 GRMZM2G006884 9 136836743 136843022
1350 GRMZM2G006894 10 145614823 145621942
1351 GRMZM2G006937 5 78289214 78344550
1352 GRMZM2G006942 7 158498407 158506177
1353 GRMZM2G006948 10 124545467 124553489
1354 GRMZM2G006964 2 28389254 28392074
1355 GRMZM2G006965 7 60855594 60907761
1356 GRMZM2G006973 9 24608187 24611400
1357 GRMZM2G006977 1 22378473 22384346
1358 GRMZM2G006981 1 45945728 45947468
1359 GRMZM2G006985 2 136451040 136451636
1360 GRMZM2G007012 4 22961046 22962906
1361 GRMZM2G007021 8 25124802 25127533
1362 GRMZM2G007028 2 226494748 226502954
1363 GRMZM2G007038 6 141876884 141881259
1364 GRMZM2G007053 3 170469428 170470690
1365 GRMZM2G007057 8 3195653 3197079
1366 GRMZM2G007074 10 75612332 75613773
1367 GRMZM2G007080 1 45948088 45951035
1368 GRMZM2G007134 9 151036118 151037425
1369 GRMZM2G007137 2 219961730 219968245
1370 GRMZM2G007160 3 170483572 170488677
1371 GRMZM2G007190 7 148626237 148657545
1372 GRMZM2G007195 6 138437042 138441354
1373 GRMZM2G007236 8 25135731 25136953
1374 GRMZM2G007248 10 61506728 61508789
1375 GRMZM2G007256 2 10000080 10001080
1376 GRMZM2G007258 8 3197179 3203826
1377 GRMZM2G007277 4 204887860 204892630
1378 GRMZM2G007283 2 151335182 151340248
1379 GRMZM2G007289 4 19842260 19843461
1380 GRMZM2G007300 3 181501384 181506168
1381 GRMZM2G007324 2 209663433 209665720
1382 GRMZM2G007327 1 247018935 247020377
1383 GRMZM2G007381 1 180039863 180044547
1384 GRMZM2G007384 8 105303904 105307621
1385 GRMZM2G007385 5 171921650 171924419
1386 GRMZM2G007475 9 137176818 137179600
1387 GRMZM2G007486 1 22735200 22738827
1388 GRMZM2G007488 4 129348265 129479527
1389 GRMZM2G007546 2 57066268 57070050
1390 GRMZM2G007590 9 137157995 137166080
1391 GRMZM2G007630 8 148575045 148576466
1392 GRMZM2G007651 7 159934593 159940523
1393 GRMZM2G007675 1 300713804 300726205
1394 GRMZM2G007683 9 14917552 14925589
1395 GRMZM2G007685 3 53557662 53558608
1396 GRMZM2G007695 5 4269183 4271799
1397 GRMZM2G007698 10 76187633 76189738
1398 GRMZM2G007708 6 157544244 157544989
1399 GRMZM2G007721 10 98714258 98732306
1400 GRMZM2G007729 4 179852642 179853911
1401 GRMZM2G007734 4 28947993 28952112
1402 GRMZM2G007791 2 9973815 9981339
1403 GRMZM2G007795 4 228198211 228199934
1404 GRMZM2G007867 5 4274416 4279493
1405 GRMZM2G007899 10 139263540 139264525
1406 GRMZM2G007909 7 159902822 159930977
1407 GRMZM2G007915 8 2991131 3047452
1408 GRMZM2G007928 3 179685799 179686953
1409 GRMZM2G007948 1 300738290 300738968
1410 GRMZM2G007953 4 50340075 50342929
1411 GRMZM2G007957 9 14912814 14916798
1412 GRMZM2G008029 1 278669129 278671405
1413 GRMZM2G008032 8 116198758 116200740
1414 GRMZM2G008033 9 6573678 6574654
1415 GRMZM2G008060 2 9964775 9966842
1416 GRMZM2G008061 7 3193145 3198060
1417 GRMZM2G008064 1 6416354 6419429
1418 GRMZM2G008066 9 129228579 129231545
1419 GRMZM2G008095 2 214814941 214819790
1420 GRMZM2G008122 1 6423818 6428516
1421 GRMZM2G008123 3 106966138 106972711
1422 GRMZM2G008159 6 111881237 111881726
1423 GRMZM2G008175 4 94314165 94318544
1424 GRMZM2G008202 6 46936592 46938714
1425 GRMZM2G008209 10 71187950 71192346
1426 GRMZM2G008216 2 170859966 170862506
1427 GRMZM2G008242 5 212695780 212699692
1428 GRMZM2G008250 1 174871998 174875363
1429 GRMZM2G008259 4 11403565 11428283
1430 GRMZM2G008305 9 13663102 13664406
1431 GRMZM2G008309 7 157718340 157719865
1432 GRMZM2G008313 2 171254711 171257814
1433 GRMZM2G008326 9 13669877 13671462
1434 GRMZM2G008353 6 112098025 112099380
1435 GRMZM2G008369 4 1095457 1097673
1436 GRMZM2G008374 2 191504045 191505926
1437 GRMZM2G008410 4 170362272 170369182
1438 GRMZM2G008425 9 80419131 80423375
1439 GRMZM2G008464 8 80199539 80203095
1440 GRMZM2G008482 4 37134415 37135902
1441 GRMZM2G008501 1 54464196 54469928
1442 GRMZM2G008507 4 10486153 10492229
1443 GRMZM2G008513 3 7970385 7979701
1444 GRMZM2G008517 1 274373111 274373934
1445 GRMZM2G008528 7 156548440 156550987
1446 GRMZM2G008539 9 38706649 38708396
1447 GRMZM2G008622 10 147669022 147672572
1448 GRMZM2G008638 9 148099091 148113953
1449 GRMZM2G008642 6 129405353 129408102
1450 GRMZM2G008657 7 83391098 83392119
1451 GRMZM2G008665 7 162749037 162750177
1452 GRMZM2G008687 7 156539629 156543247
1453 GRMZM2G008712 7 162747039 162747677
1454 GRMZM2G008714 10 147664123 147668581
1455 GRMZM2G008728 5 214550601 214553743
1456 GRMZM2G008740 7 156534001 156535068
1457 GRMZM2G008748 4 128289716 128292059
1458 GRMZM2G008751 9 148076336 148077889
1459 GRMZM2G008819 4 179823337 179824411
1460 GRMZM2G008834 5 214547238 214548761
1461 GRMZM2G008839 4 179817240 179818126
1462 GRMZM2G008859 4 235108567 235111856
1463 GRMZM2G008862 2 233056276 233063077
1464 GRMZM2G008865 2 228327961 228329340
1465 GRMZM2G008892 2 28216047 28218233
1466 GRMZM2G008923 9 9924852 9927687
1467 GRMZM2G008972 5 29463064 29466341
1468 GRMZM2G008994 6 4017629 4018017
1469 GRMZM2G009009 1 189221981 189223985
1470 GRMZM2G009019 4 119491973 119495408
1471 GRMZM2G009021 7 171221804 171226182
1472 GRMZM2G009025 6 4018240 4020286
1473 GRMZM2G009030 7 102036069 102043691
1474 GRMZM2G009045 7 125137104 125139290
1475 GRMZM2G009048 10 16377557 16378556
1476 GRMZM2G009091 7 118008632 118016242
1477 GRMZM2G009103 7 153894301 153896665
1478 GRMZM2G009106 2 229322400 229323199
1479 GRMZM2G009117 1 189225032 189226543
1480 GRMZM2G009125 2 44336663 44339114
1481 GRMZM2G009139 9 14119246 14121358
1482 GRMZM2G009163 9 126157038 126161233
1483 GRMZM2G009188 2 222939816 222945327
1484 GRMZM2G009189 10 103379778 103380664
1485 GRMZM2G009196 10 24741297 24742620
1486 GRMZM2G009208 2 22729493 22732648
1487 GRMZM2G009214 4 41917208 41922198
1488 GRMZM2G009232 1 60678271 60680832
1489 GRMZM2G009265 7 171227375 171231745
1490 GRMZM2G009282 3 22821826 22827567
1491 GRMZM2G009323 10 145229817 145234016
1492 GRMZM2G009359 9 126169999 126170582
1493 GRMZM2G009387 4 18044673 18045747
