name chr start stop
1234 GRMZM2G104572 1 234778 235889
655 GRMZM2G023794 1 264625 270894
579 GRMZM2G013634 1 4031957 4034078
127 AC194428 1 5010339 5014204
1092 GRMZM2G086707 1 6117563 6119219
977 GRMZM2G068336 1 8422316 8424206
1304 GRMZM2G113239 1 9558600 9559354
1487 GRMZM2G142938 1 10485351 10486119
738 GRMZM2G035128 1 15104420 15105562
9 AC177911 1 16789304 16789867
948 GRMZM2G065317 1 17990015 17991354
1337 GRMZM2G117556 1 18831422 18831697
10 AC177946 1 19103504 19103980
761 GRMZM2G039129 1 19488729 19492058
1255 GRMZM2G107395 1 22282390 22284161
40 AC186653 1 23341672 23342177
506 GRMZM2G002498 1 23489736 23492971
283 AC205725 1 23581656 23585140
1032 GRMZM2G077045 1 25170855 25179087
82 AC190934 1 29494077 29494619
728 GRMZM2G034737 1 30058328 30058914
576 GRMZM2G012758 1 30748090 30758100
1328 GRMZM2G116292 1 31073181 31210659
11 AC177947 1 33360058 33360669
423 AC214841 1 34519884 34520393
462 AC226346 1 37709927 37710902
1399 GRMZM2G128156 1 38630558 38631425
821 GRMZM2G046382 1 38724460 38725513
401 AC213668 1 41089554 41091391
798 GRMZM2G043976 1 41445851 41446548
460 AC226231 1 42729878 42730902
660 GRMZM2G024440 1 44548042 44548551
1374 GRMZM2G124785 1 49317234 49319684
984 GRMZM2G069568 1 49933766 49936520
556 GRMZM2G010149 1 53711120 53712575
264 AC204931 1 54339822 54341185
1476 GRMZM2G141094 1 54567191 54573603
564 GRMZM2G011240 1 56763339 56766438
1007 GRMZM2G073969 1 57290028 57290757
1435 GRMZM2G133978 1 58364148 58364891
329 AC209438 1 58612001 58612577
139 AC195378 1 60525959 60526516
754 GRMZM2G038153 1 61014838 61021280
1270 GRMZM2G109126 1 63093740 63094564
773 GRMZM2G040638 1 63648607 63650099
672 GRMZM2G026322 1 64024022 64026653
599 GRMZM2G016281 1 64609446 64611433
90 AC191317 1 64989862 64990392
786 GRMZM2G042662 1 65098755 65099404
785 GRMZM2G042641 1 65103557 65103931
573 GRMZM2G012355 1 65592088 65592978
1317 GRMZM2G115025 1 65596222 65596960
255 AC204540 1 66123147 66123617
926 GRMZM2G062320 1 68326620 68329131
1369 GRMZM2G123872 1 70510934 70511444
994 GRMZM2G071688 1 70582467 70585520
8 AC177908 1 72698779 72699510
1158 GRMZM2G094126 1 80308379 80308809
367 AC211513 1 80488728 80491611
278 AC205567 1 81969963 81970748
1377 GRMZM2G125304 1 82498392 82505930
1075 GRMZM2G083398 1 84443744 84444468
871 GRMZM2G054304 1 85438080 85439331
1036 GRMZM2G077562 1 85703363 85704400
1156 GRMZM2G094077 1 85952840 85954743
1488 GRMZM2G143082 1 86270164 86271418
1120 GRMZM2G090029 1 86622265 86623375
666 GRMZM2G025458 1 87810851 87811765
1559 GRMZM2G154580 1 90223946 90224840
1490 GRMZM2G143210 1 90848073 90852971
6 AC177900 1 91096808 91097170
262 AC204821 1 92034651 92035397
1264 GRMZM2G108180 1 94477873 94479199
360 AC211257 1 95785404 95787515
368 AC211577 1 97282414 97282725
997 GRMZM2G072371 1 100013181 100013551
268 AC205175 1 100584532 100586298
275 AC205513 1 101000402 101001764
277 AC205558 1 102933979 102934377
665 GRMZM2G025303 1 104813359 104816857
775 GRMZM2G041028 1 105824332 105841731
7 AC177905 1 115624175 115624687
197 AC199932 1 117900408 117900859
967 GRMZM2G067370 1 120152006 120152700
553 GRMZM2G009624 1 123781644 123784933
210 AC201966 1 129737859 129738449
1391 GRMZM2G127382 1 130754380 130755693
141 AC195402 1 130823899 130824372
511 GRMZM2G003230 1 130919091 130919568
1035 GRMZM2G077250 1 133188542 133189406
1093 GRMZM2G087083 1 134448759 134448995
113 AC193756 1 135636034 135636462
960 GRMZM2G066683 1 139290272 139291906
793 GRMZM2G043503 1 145060533 145062926
317 AC208453 1 146261359 146262161
845 GRMZM2G051114 1 149869369 149872095
32 AC186284 1 150696135 150698075
1134 GRMZM2G091634 1 157410860 157412248
1133 GRMZM2G091616 1 157417778 157419163
562 GRMZM2G010685 1 160647137 160647730
1232 GRMZM2G104494 1 160709377 160710372
1182 GRMZM2G097926 1 160976806 160979703
1021 GRMZM2G075631 1 161636900 161638030
729 GRMZM2G034768 1 164962076 164963485
726 GRMZM2G034672 1 165211481 165217345
92 AC191380 1 169204281 169204967
187 AC199524 1 171087606 171088259
279 AC205595 1 172099902 172100114
395 AC212878 1 172656911 172657069
354 AC210828 1 172858022 172858531
289 AC205972 1 174457422 174457709
1123 GRMZM2G090379 1 174958197 174959110
195 AC199908 1 177175309 177178211
582 GRMZM2G013792 1 177556844 177557819
1449 GRMZM2G136277 1 178988085 178988920
1155 GRMZM2G093755 1 180018457 180019177
121 AC194176 1 183553492 183554082
753 GRMZM2G037615 1 183590740 183591640
834 GRMZM2G050273 1 183706876 183707448
51 AC187262 1 184732929 184733550
611 GRMZM2G017629 1 184813330 184814964
1461 GRMZM2G137861 1 184945147 184949264
402 AC213670 1 184997074 184997601
837 GRMZM2G050481 1 185331192 185332686
838 GRMZM2G050536 1 185334079 185337627
1551 GRMZM2G153404 1 185358878 185359378
1438 GRMZM2G134194 1 185495378 185495968
1385 GRMZM2G126481 1 185759668 185761947
379 AC211887 1 186998377 186998949
901 GRMZM2G059012 1 187088613 187095594
770 GRMZM2G040129 1 187787131 187789223
1356 GRMZM2G121398 1 187922654 187925662
480 AC234203 1 188093914 188095641
120 AC194172 1 190104934 190108396
1537 GRMZM2G151216 1 190127789 190130327
509 GRMZM2G003004 1 190671248 190671618
772 GRMZM2G040509 1 191634092 191634912
673 GRMZM2G026664 1 191876380 191877651
713 GRMZM2G032531 1 192298866 192301200
546 GRMZM2G008789 1 192350077 192352928
311 AC207619 1 192886113 192887372
286 AC205814 1 194851095 194851487
333 AC209698 1 195177969 195178370
813 GRMZM2G045580 1 196706111 196709497
989 GRMZM2G070079 1 199687083 199687780
451 AC218900 1 199904499 199905482
1122 GRMZM2G090115 1 202771214 202772206
27 AC185587 1 203132948 203134531
425 AC215309 1 203284628 203287763
1251 GRMZM2G106899 1 203606182 203607299
856 GRMZM2G052461 1 204147974 204150352
483 AC234528 1 204265287 204279895
647 GRMZM2G023059 1 204915690 204918803
815 GRMZM2G046005 1 206043515 206047566
270 AC205379 1 206431561 206432359
642 GRMZM2G022293 1 207269900 207270799
38 AC186619 1 207378626 207379899
142 AC195794 1 207936194 207936892
1112 GRMZM2G088980 1 208020351 208026403
919 GRMZM2G061833 1 208239949 208247662
861 GRMZM2G053037 1 209267172 209269791
828 GRMZM2G048403 1 210149798 210173484
1403 GRMZM2G128605 1 210687034 210692796
708 GRMZM2G031677 1 213356382 213361623
400 AC213629 1 213937697 213938287
899 GRMZM2G058783 1 214767250 214767997
887 GRMZM2G056815 1 215043476 215044711
443 AC217376 1 215066512 215066829
1527 GRMZM2G149511 1 217928659 217929797
1043 GRMZM2G078389 1 220950731 220955833
1303 GRMZM2G112798 1 225778653 225780741
1443 GRMZM2G135866 1 226897325 226901051
421 AC214819 1 228825501 228832109
527 GRMZM2G005977 1 228979879 228980382
1269 GRMZM2G108949 1 229420283 229421256
103 AC192362 1 230184093 230184736
1418 GRMZM2G131715 1 230260034 230260965
544 GRMZM2G008578 1 234352994 234353825
1325 GRMZM2G115961 1 237947801 237948992
825 GRMZM2G046700 1 239174875 239176735
138 AC195307 1 239216615 239217601
566 GRMZM2G011394 1 239455222 239455739
784 GRMZM2G042506 1 241385088 241389176
1225 GRMZM2G104024 1 243044674 243045587
625 GRMZM2G020073 1 243459424 243465962
802 GRMZM2G044740 1 244064951 244071228
209 AC201898 1 246746206 246746573
1145 GRMZM2G092899 1 247072426 247073760
723 GRMZM2G034217 1 247924595 247928126
406 AC213890 1 250656532 250658119
1395 GRMZM2G127543 1 251091228 251092123
29 AC185610 1 251564403 251564738
519 GRMZM2G004487 1 258307950 258309052
681 GRMZM2G027797 1 264006968 264011859
590 GRMZM2G015355 1 265588358 265588700
371 AC211639 1 267486714 267487564
43 AC186684 1 267858700 267862187
1394 GRMZM2G127521 1 268409606 268412984
1113 GRMZM2G089118 1 272508401 272509168
208 AC201797 1 273898097 273899789
543 GRMZM2G008517 1 274373111 274373934
1166 GRMZM2G095519 1 274588322 274590354
1275 GRMZM2G109776 1 274908746 274910860
206 AC200627 1 274911540 274912271
42 AC186667 1 275768316 275769385
565 GRMZM2G011367 1 276228711 276230767
602 GRMZM2G016546 1 276428497 276431001
1196 GRMZM2G100084 1 276499944 276504456
1507 GRMZM2G145950 1 276600411 276602148
1367 GRMZM2G123700 1 277903100 277904719
1009 GRMZM2G074109 1 278247940 278249596
1237 GRMZM2G105069 1 279697103 279697452
1259 GRMZM2G107818 1 280573719 280574585
998 GRMZM2G072553 1 280921946 280925063
875 GRMZM2G055054 1 281817258 281823180
116 AC194072 1 282611389 282613184
4 AC177890 1 282753810 282754304
1187 GRMZM2G098377 1 283652187 283652954
987 GRMZM2G069772 1 284129699 284134003
988 GRMZM2G069932 1 284176413 284178638
1266 GRMZM2G108807 1 284287441 284288879
1267 GRMZM2G108828 1 284292170 284293078
1492 GRMZM2G143332 1 284526790 284527200
703 GRMZM2G031062 1 287272866 287273795
1005 GRMZM2G073508 1 287557636 287558121
822 GRMZM2G046430 1 287585482 287587674
981 GRMZM2G068989 1 287895380 287896337
817 GRMZM2G046191 1 288331935 288337172
41 AC186656 1 288714863 288715189
860 GRMZM2G053016 1 289183751 289184657
1142 GRMZM2G092746 1 290634789 290636436
1143 GRMZM2G092758 1 290642907 290643645
169 AC197738 1 291557247 291557675
921 GRMZM2G061897 1 293216191 293216643
971 GRMZM2G067710 1 295772299 295773061
28 AC185588 1 297260789 297265048
325 AC209016 1 297335638 297339666
1532 GRMZM2G150386 1 297391459 297397728
309 AC207546 1 298045366 298052522
659 GRMZM2G024374 1 298403737 298405890
1529 GRMZM2G150004 2 1641536 1649788
1038 GRMZM2G077744 2 2343331 2351034
328 AC209169 2 2423812 2424102
943 GRMZM2G064967 2 2628251 2630988
616 GRMZM2G018274 2 2978440 2979901
87 AC191113 2 6355758 6357734
1244 GRMZM2G106010 2 7006500 7011613
1096 GRMZM2G087256 2 8171034 8171935
1128 GRMZM2G091251 2 8732501 8749229
1371 GRMZM2G124560 2 9277390 9279287
430 AC215994 2 10396314 10400046
980 GRMZM2G068967 2 10793566 10794322
765 GRMZM2G039776 2 13108764 13109428
669 GRMZM2G025720 2 13246670 13248486
714 GRMZM2G032554 2 13886871 13888691
584 GRMZM2G014005 2 14333886 14334580
1407 GRMZM2G129386 2 14894027 14901742
469 AC231409 2 16953196 16953660
351 AC210678 2 17883718 17883936
417 AC214523 2 19608353 19609878
370 AC211589 2 24251449 24252028
192 AC199765 2 27015678 27017168
16 AC183412 2 27476139 27479730
534 GRMZM2G006952 2 28394275 28396371
514 GRMZM2G003775 2 28759344 28760458
1500 GRMZM2G145051 2 28828108 28831245
699 GRMZM2G030275 2 30257458 30261999
321 AC208663 2 30554101 30555189
114 AC193787 2 31122099 31122548
617 GRMZM2G018876 2 34309163 34353586
869 GRMZM2G054046 2 36505414 36506018
37 AC186613 2 36668243 36668857
585 GRMZM2G014034 2 39236220 39236834
912 GRMZM2G060712 2 40524434 40524906
645 GRMZM2G022797 2 40643010 40658885
689 GRMZM2G029001 2 41635037 41637112
716 GRMZM2G032905 2 42386297 42388814
1517 GRMZM2G148147 2 43628833 43629823
1343 GRMZM2G119375 2 43720018 43722157
1218 GRMZM2G103050 2 45557264 45566241
1242 GRMZM2G105542 2 45848349 45850683
266 AC205078 2 46578258 46579055
428 AC215635 2 46794632 46798791
978 GRMZM2G068547 2 46809246 46809833
1246 GRMZM2G106099 2 47145282 47146932
1510 GRMZM2G146694 2 48438745 48440923
1321 GRMZM2G115395 2 48481974 48484156
941 GRMZM2G064773 2 49364550 49366915
440 AC217049 2 51947591 51947995
477 AC233967 2 55216669 55218655
1310 GRMZM2G113646 2 56863163 56864248
461 AC226327 2 57900678 57903296
84 AC191050 2 58280631 58283017
898 GRMZM2G058718 2 60079105 60109299
1116 GRMZM2G089472 2 60365860 60366144
720 GRMZM2G033247 2 61936774 61937453
1178 GRMZM2G097750 2 64046592 64048164
588 GRMZM2G015024 2 65622505 65623890
518 GRMZM2G004380 2 65846881 65847836
1124 GRMZM2G090566 2 65855874 65857142
1556 GRMZM2G154045 2 67012952 67013535
1169 GRMZM2G096082 2 71937539 71938113
620 GRMZM2G019085 2 72237252 72237871
694 GRMZM2G029531 2 73587236 73590916
1200 GRMZM2G100560 2 75500630 75503707
1452 GRMZM2G137002 2 77873979 77874480
558 GRMZM2G010286 2 79367466 79396187
1214 GRMZM2G102699 2 79878218 79879063
118 AC194157 2 81442789 81442992
1084 GRMZM2G085194 2 83154794 83155589
690 GRMZM2G029211 2 83271414 83274726
651 GRMZM2G023401 2 84619059 84621743
759 GRMZM2G038916 2 94566235 94567331
1193 GRMZM2G099580 2 95190273 95198728
922 GRMZM2G061929 2 101720677 101721029
1239 GRMZM2G105233 2 102088002 102090274
1277 GRMZM2G109873 2 103801553 103802469
77 AC190677 2 104670244 104670915
644 GRMZM2G022710 2 107824363 107825461
896 GRMZM2G058597 2 108047592 108048319
3 AC177833 2 110693458 110697318
253 AC204387 2 111055117 111055332
594 GRMZM2G015568 2 111248502 111249522
985 GRMZM2G069664 2 111430165 111432530
318 AC208606 2 111824672 111826728
649 GRMZM2G023351 2 111990991 111992788
1249 GRMZM2G106650 2 112022334 112024633
1468 GRMZM2G138774 2 112713712 112715375
1268 GRMZM2G108871 2 114063096 114063668
545 GRMZM2G008649 2 115694049 115695142
1245 GRMZM2G106092 2 116106678 116108303
888 GRMZM2G056828 2 121299240 121300556
495 GRMZM2G001524 2 129567449 129568371
627 GRMZM2G020183 2 130542721 130543480
664 GRMZM2G025205 2 130608943 130609748
852 GRMZM2G052193 2 137144611 137145423
119 AC194163 2 138072492 138072884
1425 GRMZM2G132968 2 139497376 139500384
1424 GRMZM2G132966 2 139525927 139526366
1498 GRMZM2G144885 2 140535242 140535858
463 AC226536 2 140939917 140940599
680 GRMZM2G027638 2 141864939 141872348
1281 GRMZM2G110409 2 142315664 142316803
1090 GRMZM2G086346 2 145989832 145991462
304 AC207206 2 146344707 146346939
1411 GRMZM2G130486 2 147236432 147238541
1230 GRMZM2G104307 2 147424459 147429172
1048 GRMZM2G079100 2 150138627 150140886
422 AC214840 2 155880882 155886798
583 GRMZM2G013915 2 156503629 156510836
271 AC205405 2 159578875 159579297
879 GRMZM2G056019 2 164816169 164816831
1099 GRMZM2G087444 2 165685818 165688938
468 AC230020 2 168475220 168477550
1151 GRMZM2G093492 2 170213081 170213341
1144 GRMZM2G092778 2 171038032 171038739
308 AC207383 2 171872331 171873419
456 AC225225 2 174334340 174335167
107 AC193499 2 175196635 175197339
1285 GRMZM2G110794 2 176341195 176347079
1397 GRMZM2G127810 2 181067405 181071546
744 GRMZM2G036547 2 181219064 181220374
1108 GRMZM2G088440 2 182307218 182309603
306 AC207254 2 182874039 182874803
1320 GRMZM2G115388 2 183640103 183641014
1006 GRMZM2G073661 2 185185195 185186704
1037 GRMZM2G077718 2 186257700 186258591
1464 GRMZM2G138454 2 186915389 186920569
935 GRMZM2G063761 2 187319454 187320315
1024 GRMZM2G075996 2 188009542 188015032
1102 GRMZM2G087556 2 188266833 188269423
1101 GRMZM2G087484 2 188293341 188296053
900 GRMZM2G058862 2 189111230 189113038
1298 GRMZM2G112159 2 190091957 190092420
654 GRMZM2G023694 2 192423508 192424338
352 AC210724 2 192709181 192710126
1534 GRMZM2G150533 2 194161893 194163160
1309 GRMZM2G113618 2 196077948 196079956
163 AC197242 2 197381864 197382220
1165 GRMZM2G095327 2 197392256 197393729
1103 GRMZM2G087679 2 200677204 200677751
823 GRMZM2G046468 2 204986722 204994231
1338 GRMZM2G117988 2 206369261 206370821
489 GRMZM2G000640 2 206498600 206499472
1100 GRMZM2G087463 2 206889652 206890524
710 GRMZM2G032042 2 207163033 207166270
925 GRMZM2G062156 2 208298568 208300746
732 GRMZM2G034927 2 208738576 208740038
619 GRMZM2G019060 2 209040870 209042962
1539 GRMZM2G152249 2 210196385 210199865
455 AC219035 2 211043608 211046043
1171 GRMZM2G096123 2 211620951 211624341
5 AC177893 2 211669849 211670472
221 AC202384 2 212094754 212095766
1375 GRMZM2G124919 2 212198405 212202952
1482 GRMZM2G141551 2 213463764 213466496
1018 GRMZM2G075244 2 213854717 213857129
1481 GRMZM2G141418 2 215760248 215760799
76 AC190671 2 219295681 219296043
204 AC200495 2 219613670 219614372
73 AC190544 2 220581298 220581516
567 GRMZM2G011570 2 221194605 221195699
615 GRMZM2G018146 2 221798907 221800410
891 GRMZM2G057237 2 222041519 222062881
1522 GRMZM2G149091 2 222149741 222151611
224 AC202534 2 222250322 222250852
1546 GRMZM2G152888 2 223136500 223140520
1286 GRMZM2G110894 2 223483928 223485075
193 AC199768 2 224054778 224055587
676 GRMZM2G027130 2 224461088 224462516
1262 GRMZM2G107922 2 225598457 225599180
958 GRMZM2G066546 2 225654881 225655458
1070 GRMZM2G082799 2 225659531 225660056
1069 GRMZM2G082785 2 225662082 225662932
1015 GRMZM2G074664 2 225900550 225902695
972 GRMZM2G067713 2 226719764 226722319
866 GRMZM2G053713 2 227634030 227794350
150 AC196106 2 227844147 227846072
520 GRMZM2G004521 2 227948067 227952986
1061 GRMZM2G081377 2 227973718 227975086
547 GRMZM2G008865 2 228327961 228329340
1329 GRMZM2G116395 2 228530221 228532065
1401 GRMZM2G128376 2 228937743 228938757
549 GRMZM2G009106 2 229322400 229323199
809 GRMZM2G045106 2 229860323 229860808
808 GRMZM2G045030 2 229868115 229868600
1458 GRMZM2G137493 2 230617270 230618975
497 GRMZM2G001777 2 230914472 230921498
1540 GRMZM2G152290 2 231075619 231077686
855 GRMZM2G052457 2 231215041 231221648
991 GRMZM2G070444 2 231583750 231586998
156 AC196710 2 233560676 233561086
1072 GRMZM2G082978 2 233618053 233619333
346 AC210211 2 236765590 236765859
475 AC233880 3 1265217 1267473
115 AC194022 3 2782925 2783194
1216 GRMZM2G102770 3 3428860 3429261
843 GRMZM2G050915 3 4133982 4135835
736 GRMZM2G035008 3 4557296 4566385
1489 GRMZM2G143165 3 5596382 5598132
472 AC232289 3 8628446 8628883
1107 GRMZM2G088290 3 9453125 9453958
1308 GRMZM2G113603 3 10632085 10632974
1511 GRMZM2G146740 3 13548042 13549666
950 GRMZM2G065471 3 15871856 15873163
607 GRMZM2G016720 3 15905315 15906178
1141 GRMZM2G092689 3 18327109 18327557
1302 GRMZM2G112756 3 20196324 20197181
1139 GRMZM2G092556 3 22313217 22315864
442 AC217252 3 22920767 22921867
133 AC194734 3 23531330 23531740
1413 GRMZM2G130864 3 25909886 25913649
1222 GRMZM2G103764 3 28024360 28025051
574 GRMZM2G012472 3 28056745 28059663
356 AC210892 3 28639404 28639997
478 AC234199 3 30417263 30418480
203 AC200490 3 32094577 32097651
969 GRMZM2G067640 3 38441663 38442184
970 GRMZM2G067642 3 38442286 38445272
933 GRMZM2G063156 3 40446778 40447687
1347 GRMZM2G119737 3 40984371 40986624
165 AC197373 3 41195538 41195750
1359 GRMZM2G121812 3 41367083 41372034
219 AC202139 3 41370553 41371386
622 GRMZM2G019721 3 41457021 41460729
189 AC199638 3 43851574 43853087
242 AC203804 3 46476726 46478530
12 AC182439 3 46895108 46895587
97 AC191551 3 47075946 47079281
560 GRMZM2G010384 3 48279110 48280223
526 GRMZM2G005678 3 49314749 49315243
600 GRMZM2G016351 3 49385529 49388047
1538 GRMZM2G151674 3 49987889 49989402
1368 GRMZM2G123765 3 50642135 50645871
251 AC204325 3 54165402 54166016
1484 GRMZM2G141785 3 55696580 55697477
19 AC183915 3 55960708 55964177
381 AC212035 3 57009436 57013614
207 AC200876 3 57239255 57240268
136 AC195168 3 71653295 71653633
446 AC217841 3 77749302 77749802
1444 GRMZM2G135927 3 83546451 83547169
897 GRMZM2G058602 3 86090769 86091475
151 AC196143 3 88060208 88061152
1518 GRMZM2G148300 3 92890165 92893021
1157 GRMZM2G094100 3 98460057 98462799
313 AC207793 3 98618272 98619422
411 AC214353 3 102505801 102506443
287 AC205833 3 103470879 103471521
1077 GRMZM2G083643 3 103913738 103914743
1483 GRMZM2G141722 3 108082633 108083094
1525 GRMZM2G149330 3 108441572 108466547
412 AC214359 3 109697715 109701112
911 GRMZM2G060596 3 113632440 113633388
466 AC230011 3 113912577 113913011
376 AC211749 3 114893083 114893379
345 AC210189 3 115028399 115030086
865 GRMZM2G053692 3 116365988 116368525
1265 GRMZM2G108509 3 120767157 120771495
295 AC206285 3 127881702 127882109
1455 GRMZM2G137289 3 127959456 127959974
711 GRMZM2G032198 3 130544767 130545615
158 AC196984 3 130799577 130800546
605 GRMZM2G016598 3 131241307 131242058
794 GRMZM2G043623 3 132136819 132139746
228 AC202867 3 132338848 132339498
1233 GRMZM2G104523 3 132339945 132340514
21 AC184170 3 133684028 133684675
712 GRMZM2G032384 3 139201184 139204792
50 AC187222 3 139310833 139312517
15 AC183372 3 141361115 141361927
531 GRMZM2G006753 3 141518566 141520562
366 AC211478 3 141524463 141524927
1516 GRMZM2G148126 3 141897378 141897767
559 GRMZM2G010351 3 143652461 143653593
606 GRMZM2G016668 3 144132061 144134373
1184 GRMZM2G097972 3 145306658 145307317
1450 GRMZM2G136635 3 146756646 146757487
806 GRMZM2G044867 3 147977642 147978028
857 GRMZM2G052625 3 149406247 149407196
403 AC213772 3 152096967 152097794
1376 GRMZM2G125012 3 152881150 152881763
662 GRMZM2G024778 3 152896441 152897276
99 AC191650 3 153408551 153409258
409 AC214227 3 154560327 154561208
382 AC212185 3 156445722 156446587
1086 GRMZM2G085420 3 159647651 159653177
168 AC197718 3 160350168 160350773
205 AC200535 3 161441079 161441513
243 AC203806 3 166570952 166572640
18 AC183514 3 168470836 168474060
648 GRMZM2G023214 3 168943774 168954397
737 GRMZM2G035092 3 168968578 168969500
166 AC197541 3 169077671 169078677
532 GRMZM2G006821 3 169625352 169626365
1058 GRMZM2G080891 3 170108996 170109888
1290 GRMZM2G111189 3 172565721 172567481
1279 GRMZM2G110085 3 172932867 172936146
598 GRMZM2G016240 3 174933620 174936977
374 AC211669 3 176096084 176096802
449 AC218092 3 177275911 177280020
188 AC199554 3 177501141 177501314
1326 GRMZM2G116142 3 178385327 178388126
923 GRMZM2G062044 3 178437855 178438412
524 GRMZM2G005112 3 179262684 179263681
740 GRMZM2G035726 3 184439381 184443145
1256 GRMZM2G107417 3 187157671 187160242
137 AC195244 3 189451244 189452014
890 GRMZM2G056983 3 190222548 190224584
1469 GRMZM2G138802 3 190385053 190387921
14 AC182838 3 190568352 190568723
327 AC209093 3 190827324 190830545
1114 GRMZM2G089141 3 193529934 193530553
1541 GRMZM2G152496 3 194125298 194127413
13 AC182831 3 194231832 194232419
285 AC205813 3 195834713 195836359
905 GRMZM2G059663 3 201168888 201169315
95 AC191541 3 205611714 205614906
557 GRMZM2G010211 3 211105828 211108165
23 AC184765 3 213541770 213542889
1160 GRMZM2G094736 3 214256437 214259388
397 AC212898 3 214798477 214800910
1555 GRMZM2G154016 3 215065659 215066616
1491 GRMZM2G143328 3 215930993 215932038
487 GRMZM2G000593 3 216566111 216570094
1515 GRMZM2G147774 3 216962850 216965852
1127 GRMZM2G090929 3 218863650 218864102
774 GRMZM2G040905 3 219199498 219208609
1261 GRMZM2G107900 3 221569200 221569538
1177 GRMZM2G097653 3 221849741 221850697
1039 GRMZM2G077836 3 222843669 222844719
260 AC204703 3 223111730 223112881
1351 GRMZM2G120619 3 223440714 223442101
501 GRMZM2G001981 3 226960623 226961493
639 GRMZM2G021517 3 227790873 227798985
1045 GRMZM2G078592 3 229933600 229937116
1049 GRMZM2G079339 3 230316965 230318969
790 GRMZM2G043205 3 231267303 231267839
1446 GRMZM2G136014 3 231798460 231809373
258 AC204621 4 1274852 1275829
968 GRMZM2G067485 4 2233261 2234170
529 GRMZM2G006601 4 3887819 3891745
1109 GRMZM2G088441 4 5094104 5094989
800 GRMZM2G044625 4 5122438 5123471
810 GRMZM2G045387 4 5127626 5128656
872 GRMZM2G054415 4 5508408 5513441
1503 GRMZM2G145213 4 5967056 5972574
454 AC218998 4 6018554 6022306
393 AC212755 4 6213595 6214242
693 GRMZM2G029496 4 8310221 8313039
212 AC201986 4 9187172 9187684
316 AC208423 4 10099668 10101404
629 GRMZM2G020244 4 10319362 10321474
1389 GRMZM2G127143 4 10663566 10664210
320 AC208641 4 11641272 11643751
110 AC193625 4 12114483 12114929
1194 GRMZM2G099687 4 12651853 12652443
493 GRMZM2G001342 4 13787998 13788490
230 AC202965 4 14870166 14871899
1129 GRMZM2G091481 4 14877066 14881857
1012 GRMZM2G074293 4 15440750 15441694
1341 GRMZM2G118534 4 16651298 16653986
1213 GRMZM2G102622 4 19171479 19171923
372 AC211652 4 20421665 20422165
581 GRMZM2G013761 4 21720958 21725967
1017 GRMZM2G074994 4 22450999 22453092
245 AC203925 4 22720561 22720972
630 GRMZM2G020411 4 23372474 23373786
1206 GRMZM2G101472 4 24635855 24637182
1316 GRMZM2G114952 4 25582912 25584394
749 GRMZM2G036792 4 25649635 25650411
674 GRMZM2G026724 4 26018401 26019582
1558 GRMZM2G154276 4 28007824 28008449
701 GRMZM2G030772 4 28392541 28393741
1528 GRMZM2G149714 4 28424687 28425977
1153 GRMZM2G093606 4 28453725 28455197
1001 GRMZM2G072965 4 28691447 28692612
96 AC191548 4 29140088 29140576
383 AC212227 4 31156080 31157666
1059 GRMZM2G080906 4 31694311 31696448
1542 GRMZM2G152631 4 34283846 34288171
257 AC204605 4 37222415 37223459
1361 GRMZM2G121977 4 38627664 38628424
1159 GRMZM2G094723 4 38762236 38763202
780 GRMZM2G042030 4 38877310 38882376
939 GRMZM2G064584 4 42663117 42663726
98 AC191564 4 42943589 42944239
1198 GRMZM2G100457 4 44155080 44157470
1197 GRMZM2G100328 4 45162386 45166008
575 GRMZM2G012648 4 45779827 45780609
267 AC205158 4 49816102 49817675
1380 GRMZM2G125575 4 54773929 54775666
931 GRMZM2G062711 4 55947181 55947870
892 GRMZM2G057519 4 56543271 56543983
280 AC205664 4 61122833 61123177
803 GRMZM2G044818 4 61811744 61812379
104 AC192368 4 65912988 65913485
1384 GRMZM2G126264 4 67128840 67129571
1459 GRMZM2G137775 4 71881416 71882069
1346 GRMZM2G119717 4 72084612 72088898
405 AC213834 4 72417081 72418321
1508 GRMZM2G146177 4 72903026 72904119
274 AC205496 4 75586024 75586524
634 GRMZM2G020828 4 75603189 75604866
882 GRMZM2G056224 4 77049018 77049741
324 AC208920 4 78282424 78283106
1260 GRMZM2G107844 4 79083043 79085776
1168 GRMZM2G095663 4 82807465 82808989
419 AC214753 4 84743413 84751286
1227 GRMZM2G104220 4 84797097 84798297
745 GRMZM2G036605 4 84871837 84873598
105 AC193319 4 85167504 85167992
335 AC209732 4 85420726 85427341
1313 GRMZM2G114725 4 87732905 87733785
1417 GRMZM2G131699 4 88540904 88560841
937 GRMZM2G064250 4 89507687 89508360
936 GRMZM2G064219 4 89528738 89529539
986 GRMZM2G069672 4 90223791 90225071
492 GRMZM2G000781 4 90646234 90646473
1063 GRMZM2G081538 4 90866804 90879054
473 AC232321 4 94970313 94971042
670 GRMZM2G025936 4 100449828 100450912
1381 GRMZM2G125668 4 103129612 103157427
992 GRMZM2G070713 4 103481425 103482332
435 AC216251 4 104613139 104617209
658 GRMZM2G024025 4 110130094 110131086
1248 GRMZM2G106618 4 115053738 115056744
71 AC189694 4 118302543 118303377
1253 GRMZM2G107021 4 120137677 120138962
1354 GRMZM2G121083 4 120219813 120220627
1400 GRMZM2G128219 4 122702505 122703825
340 AC209926 4 123212256 123212891
91 AC191328 4 123716437 123716658
503 GRMZM2G002149 4 124611070 124614718
273 AC205484 4 124806078 124815001
148 AC196043 4 126976361 126976864
717 GRMZM2G033007 4 129347781 129348099
561 GRMZM2G010518 4 129521834 129525480
134 AC194897 4 129648163 129649237
1474 GRMZM2G139670 4 131676587 131677846
812 GRMZM2G045573 4 134298190 134298934
801 GRMZM2G044677 4 135525203 135525566
1175 GRMZM2G097468 4 138414229 138414613
1276 GRMZM2G109830 4 138489005 138492592
124 AC194356 4 138547275 138547823
771 GRMZM2G040508 4 138657354 138661147
1088 GRMZM2G086190 4 139381614 139383466
1497 GRMZM2G144398 4 142353619 142359569
276 AC205534 4 143639987 143640562
281 AC205672 4 145522532 145523547
1494 GRMZM2G143669 4 147489433 147491429
1519 GRMZM2G148355 4 147612179 147614840
1495 GRMZM2G143699 4 148153479 148154069
1535 GRMZM2G150710 4 151768609 151770855
83 AC190978 4 152441765 152442271
301 AC206832 4 154055826 154056533
246 AC203944 4 156055069 156055530
1437 GRMZM2G134072 4 156213585 156216886
30 AC185623 4 157655016 157655276
1466 GRMZM2G138686 4 158875858 158880193
862 GRMZM2G053071 4 158987331 158988493
1496 GRMZM2G143804 4 160513616 160515297
79 AC190749 4 162114430 162115489
1280 GRMZM2G110119 4 162146371 162147893
945 GRMZM2G065044 4 162305298 162323017
636 GRMZM2G020938 4 162720135 162723450
1340 GRMZM2G118437 4 163701265 163705502
913 GRMZM2G061118 4 164380927 164381522
628 GRMZM2G020191 4 164419106 164419648
31 AC185649 4 164534442 164534780
1148 GRMZM2G093262 4 164803719 164804903
907 GRMZM2G060073 4 165088857 165089527
847 GRMZM2G051417 4 165239647 165240909
848 GRMZM2G051456 4 165277652 165278193
1378 GRMZM2G125387 4 166019456 166024246
1189 GRMZM2G098739 4 170671595 170673711
656 GRMZM2G023899 4 172138533 172139923
677 GRMZM2G027302 4 172473805 172475785
1382 GRMZM2G125823 4 173395871 173400536
955 GRMZM2G066456 4 173889213 173891594
35 AC186563 4 176841202 176841483
1082 GRMZM2G084457 4 178789577 178791191
820 GRMZM2G046321 4 180294644 180295844
685 GRMZM2G028216 4 180610546 180612240
1536 GRMZM2G151107 4 180925040 180926469
433 AC216203 4 184616322 184618084
909 GRMZM2G060322 4 185037615 185039679
569 GRMZM2G011919 4 188696225 188698132
26 AC185217 4 190433230 190434394
290 AC206160 4 191610428 191613275
1104 GRMZM2G087880 4 192309303 192310821
551 GRMZM2G009438 4 192824729 192829329
389 AC212574 4 194388248 194389120
125 AC194357 4 197908195 197908632
734 GRMZM2G034947 4 199031222 199033281
93 AC191418 4 199271064 199271456
1408 GRMZM2G129502 4 199704734 199706957
231 AC202991 4 199734374 199735510
1050 GRMZM2G079477 4 201289889 201293953
388 AC212567 4 201433173 201434984
467 AC230017 4 202316477 202317724
951 GRMZM2G065652 4 203606067 203606428
284 AC205726 4 205698382 205698714
22 AC184171 4 206488586 206489242
131 AC194670 4 206659750 206662300
1454 GRMZM2G137176 4 209717812 209719114
1453 GRMZM2G137168 4 209721604 209723013
384 AC212343 4 210223762 210224408
804 GRMZM2G044829 4 211510622 211513668
1388 GRMZM2G127104 4 211949724 211951195
1293 GRMZM2G111455 4 212694456 212695040
1085 GRMZM2G085361 4 215830592 215831259
663 GRMZM2G024834 4 216343184 216349361
414 AC214485 4 217061437 217062756
89 AC191305 4 217887577 217888476
684 GRMZM2G028125 4 220485769 220486550
667 GRMZM2G025477 4 221299922 221301964
1301 GRMZM2G112663 4 222168208 222169454
767 GRMZM2G040020 4 222623232 222624248
769 GRMZM2G040098 4 222631515 222632237
1465 GRMZM2G138479 4 222906312 222907002
1383 GRMZM2G126175 4 224697760 224699165
954 GRMZM2G066269 4 225982550 225984429
1553 GRMZM2G153597 4 226392996 226393412
1028 GRMZM2G076665 4 226715018 226718267
377 AC211758 4 227994987 227998301
805 GRMZM2G044848 4 228573453 228576549
1318 GRMZM2G115240 4 228698029 228698763
1334 GRMZM2G117113 4 228802433 228803212
762 GRMZM2G039322 4 228884827 228885577
353 AC210809 4 228953557 228956274
1352 GRMZM2G120720 4 229421596 229456332
1554 GRMZM2G153871 4 232233177 232235606
934 GRMZM2G063700 4 232945221 232947735
851 GRMZM2G051848 4 233320208 233322936
1126 GRMZM2G090910 4 233484183 233485827
1020 GRMZM2G075485 4 233866449 233870092
248 AC204060 4 233873547 233875428
932 GRMZM2G062716 4 235413188 235414265
1493 GRMZM2G143457 4 235454838 235457275
859 GRMZM2G052948 4 236099759 236103358
152 AC196154 4 237450611 237450928
1291 GRMZM2G111319 4 237502082 237505188
418 AC214641 4 239491474 239493079
650 GRMZM2G023399 4 239677721 239681955
1432 GRMZM2G133660 4 240702684 240707667
199 AC200117 4 241388207 241389148
863 GRMZM2G053378 5 1756684 1757363
1430 GRMZM2G133481 5 1814235 1814785
1199 GRMZM2G100495 5 1896846 1897644
1360 GRMZM2G121841 5 2132047 2133230
365 AC211477 5 2287927 2288803
722 GRMZM2G034182 5 2883763 2885158
342 AC210013 5 3324795 3325808
1097 GRMZM2G087332 5 3571782 3572491
1131 GRMZM2G091535 5 5622015 5622901
1130 GRMZM2G091527 5 5627084 5629414
1463 GRMZM2G137875 5 5787788 5788060
854 GRMZM2G052423 5 5807464 5811000
702 GRMZM2G030821 5 6782407 6784081
995 GRMZM2G071745 5 6920390 6922072
624 GRMZM2G019945 5 8835032 8840040
424 AC215181 5 10507848 10508828
1272 GRMZM2G109564 5 10813898 10814623
1524 GRMZM2G149289 5 11063537 11076792
78 AC190734 5 11858800 11859879
1066 GRMZM2G082296 5 14540271 14542435
25 AC184857 5 15408973 15409701
1046 GRMZM2G078612 5 15454642 15460688
123 AC194338 5 16638425 16639357
1282 GRMZM2G110421 5 17243553 17244221
904 GRMZM2G059549 5 18407763 18412560
226 AC202561 5 18658822 18659685
811 GRMZM2G045462 5 19018047 19019149
1016 GRMZM2G074871 5 19154180 19156387
355 AC210883 5 19204044 19206292
441 AC217056 5 20275702 20278751
657 GRMZM2G023982 5 21012109 21025198
1013 GRMZM2G074416 5 21611489 21612159
222 AC202396 5 23786384 23786996
1011 GRMZM2G074239 5 24526597 24529673
1002 GRMZM2G073034 5 24988453 24989646
1467 GRMZM2G138744 5 28456543 28460047
1294 GRMZM2G111537 5 31011713 31012925
1071 GRMZM2G082906 5 32527047 32528653
1062 GRMZM2G081500 5 33898141 33900417
213 AC202040 5 33949484 33950983
1429 GRMZM2G133401 5 35204822 35205322
362 AC211332 5 36376289 36376789
942 GRMZM2G064775 5 36785898 36787241
1105 GRMZM2G087893 5 37195999 37197773
577 GRMZM2G013196 5 39923030 39930243
481 AC234522 5 40947763 40949375
145 AC195954 5 46592507 46592938
319 AC208630 5 49087591 49088133
917 GRMZM2G061613 5 50839351 50840194
1068 GRMZM2G082538 5 51144416 51146095
715 GRMZM2G032654 5 51299698 51300947
609 GRMZM2G016973 5 55110304 55110772
1192 GRMZM2G099413 5 56397344 56398412
1034 GRMZM2G077180 5 56862114 56866830
398 AC213395 5 56885996 56887222
1076 GRMZM2G083515 5 58154384 58156666
162 AC197164 5 59157457 59159966
288 AC205968 5 59454147 59454392
1420 GRMZM2G132324 5 62714061 62716892
554 GRMZM2G009987 5 62905765 62912463
695 GRMZM2G029636 5 62950008 62950734
1220 GRMZM2G103182 5 64466943 64469352
101 AC192240 5 67242721 67243307
445 AC217823 5 70692233 70695841
147 AC196025 5 71044693 71047186
305 AC207231 5 71599295 71601710
766 GRMZM2G039976 5 72039482 72041909
578 GRMZM2G013538 5 72246927 72248716
975 GRMZM2G068176 5 79236599 79238303
476 AC233959 5 80447880 80448182
303 AC207104 5 81310339 81311055
387 AC212467 5 87963083 87963388
816 GRMZM2G046155 5 90566972 90567626
299 AC206700 5 93866207 93867113
1258 GRMZM2G107759 5 96651667 96653673
779 GRMZM2G041878 5 105681404 105818170
17 AC183413 5 112078490 112084662
269 AC205331 5 114357687 114359514
410 AC214287 5 114633483 114636860
34 AC186500 5 122071587 122072276
357 AC210949 5 122985790 122987403
1273 GRMZM2G109638 5 128569836 128570751
24 AC184789 5 128748949 128753291
1423 GRMZM2G132671 5 129448654 129454096
1402 GRMZM2G128445 5 135570929 135571525
552 GRMZM2G009471 5 136842002 136842582
983 GRMZM2G069332 5 138545163 138546903
1415 GRMZM2G131043 5 139631413 139634231
1434 GRMZM2G133870 5 140674844 140676845
1433 GRMZM2G133862 5 140697154 140698430
485 GRMZM2G000071 5 140931967 140933889
1398 GRMZM2G127883 5 141761434 141763523
758 GRMZM2G038874 5 142084360 142085000
1241 GRMZM2G105501 5 142625517 142626562
358 AC211190 5 144563243 144566913
973 GRMZM2G067984 5 147925285 147928999
504 GRMZM2G002240 5 148265719 148267252
1287 GRMZM2G111028 5 148763026 148763775
1422 GRMZM2G132632 5 151840226 151840957
1473 GRMZM2G139412 5 151873312 151876063
1386 GRMZM2G126700 5 153061241 153061907
698 GRMZM2G030259 5 153361860 153365935
180 AC198766 5 153520947 153521894
1345 GRMZM2G119623 5 153985151 153987704
227 AC202567 5 155078442 155083575
364 AC211411 5 158263775 158265213
348 AC210416 5 161319426 161320364
1250 GRMZM2G106807 5 162451549 162452739
1119 GRMZM2G089655 5 162686356 162687849
191 AC199728 5 164760357 164763484
757 GRMZM2G038669 5 168468852 168470722
1008 GRMZM2G074040 5 169267234 169269798
1110 GRMZM2G088585 5 171070932 171071783
1447 GRMZM2G136100 5 173613085 173614619
1240 GRMZM2G105466 5 175665685 175670297
1372 GRMZM2G124577 5 175725494 175726492
661 GRMZM2G024697 5 175745723 175750144
88 AC191254 5 176237626 176239161
350 AC210598 5 177285278 177288128
1089 GRMZM2G086246 5 177785571 177789909
1111 GRMZM2G088736 5 178651350 178654158
833 GRMZM2G050027 5 179802204 179803266
696 GRMZM2G029810 5 180484119 180486549
249 AC204088 5 180536080 180536538
471 AC231633 5 184145306 184145671
239 AC203359 5 184876164 184876598
55 AC187813 5 186874460 186874861
235 AC203208 5 189755571 189757110
155 AC196575 5 190484130 190485997
889 GRMZM2G056884 5 191689888 191690263
1181 GRMZM2G097880 5 192631493 192634614
979 GRMZM2G068763 5 197083273 197083857
1019 GRMZM2G075253 5 197921441 197922589
375 AC211705 5 198043386 198045630
431 AC216070 5 198264387 198267356
174 AC198174 5 199046614 199048541
238 AC203324 5 199192554 199194175
1278 GRMZM2G109973 5 200224629 200225915
1263 GRMZM2G108087 5 200582247 200585156
752 GRMZM2G037595 5 201747097 201747600
633 GRMZM2G020738 5 204583096 204583542
782 GRMZM2G042438 5 204685662 204688071
1031 GRMZM2G076951 5 209460166 209462515
1544 GRMZM2G152827 5 210195423 210200091
1543 GRMZM2G152801 5 210204905 210206386
638 GRMZM2G021514 5 210304171 210309872
1060 GRMZM2G081371 5 210694090 210694750
1079 GRMZM2G084116 5 210814032 210815027
61 AC188134 5 211750316 211752372
75 AC190643 5 212258577 212259139
990 GRMZM2G070351 5 213683157 213687488
516 GRMZM2G004054 5 217240540 217241326
94 AC191526 5 217808471 217811716
1457 GRMZM2G137387 5 217863476 217870144
589 GRMZM2G015352 6 1960429 1962027
1330 GRMZM2G116685 6 2592674 2595499
596 GRMZM2G015793 6 3317514 3319392
735 GRMZM2G034958 6 3435339 3437143
621 GRMZM2G019398 6 6021427 6023096
1180 GRMZM2G097804 6 6713729 6716390
763 GRMZM2G039417 6 9855951 9859751
140 AC195389 6 10068752 10069819
298 AC206655 6 12702070 12702450
234 AC203176 6 13423878 13424672
1436 GRMZM2G134020 6 13653676 13655032
1353 GRMZM2G121024 6 13918931 13921957
1533 GRMZM2G150524 6 13972040 13973111
840 GRMZM2G050768 6 14110376 14111263
1146 GRMZM2G093035 6 14130404 14131462
963 GRMZM2G067042 6 14230696 14230933
961 GRMZM2G066978 6 14245122 14245876
507 GRMZM2G002529 6 15431258 15433581
1504 GRMZM2G145262 6 15482430 15486078
1427 GRMZM2G133097 6 15585040 15587523
1501 GRMZM2G145162 6 18534146 18538083
512 GRMZM2G003679 6 18845195 18846195
448 AC218002 6 18990304 18991203
691 GRMZM2G029382 6 22558952 22562336
241 AC203408 6 24316281 24317787
1344 GRMZM2G119583 6 24318396 24320623
1208 GRMZM2G101642 6 32428270 32430989
175 AC198179 6 35314660 35316716
1091 GRMZM2G086410 6 37490433 37491914
1173 GRMZM2G096680 6 39431500 39432323
613 GRMZM2G017966 6 40366468 40368353
1451 GRMZM2G136926 6 44992671 44995791
1499 GRMZM2G144915 6 47395318 47396052
144 AC195806 6 48878622 48879616
490 GRMZM2G000703 6 51372668 51373249
517 GRMZM2G004110 6 54794404 54799870
130 AC194597 6 54811345 54811881
1363 GRMZM2G122214 6 55457320 55461425
570 GRMZM2G011947 6 55555918 55556866
568 GRMZM2G011862 6 55825075 55826529
858 GRMZM2G052812 6 64079620 64110791
776 GRMZM2G041171 6 64260684 64266209
68 AC188755 6 64475394 64476116
236 AC203244 6 65954005 65956052
1080 GRMZM2G084173 6 68219539 68224676
437 AC216266 6 73833425 73833985
1322 GRMZM2G115453 6 74876403 74878944
349 AC210596 6 77628443 77630404
587 GRMZM2G014789 6 79376557 79377372
1348 GRMZM2G119998 6 81143618 81149833
1531 GRMZM2G150348 6 82492933 82493875
315 AC208338 6 82942516 82946093
359 AC211250 6 83294651 83295708
220 AC202179 6 83797316 83799644
296 AC206514 6 83833269 83836205
154 AC196502 6 84131655 84134050
310 AC207575 6 84725441 84725872
202 AC200287 6 86206158 86211021
724 GRMZM2G034469 6 88355108 88355338
453 AC218979 6 88407027 88407230
637 GRMZM2G021155 6 88409149 88409421
307 AC207260 6 88980247 88980717
1115 GRMZM2G089343 6 89211520 89211776
291 AC206186 6 91737400 91737759
918 GRMZM2G061790 6 93328592 93329007
1201 GRMZM2G100719 6 93423505 93424079
692 GRMZM2G029455 6 95532345 95533176
322 AC208711 6 96352733 96354558
781 GRMZM2G042036 6 100369417 100378781
521 GRMZM2G004761 6 101005001 101006302
1004 GRMZM2G073308 6 102045178 102053264
814 GRMZM2G045686 6 103745062 103756436
844 GRMZM2G051012 6 105714091 105715634
1333 GRMZM2G116986 6 107511622 107512461
572 GRMZM2G012276 6 107906323 107907896
386 AC212457 6 107924421 107925152
1135 GRMZM2G091724 6 108622886 108625508
604 GRMZM2G016574 6 109181766 109183022
1486 GRMZM2G142816 6 110129715 110130787
675 GRMZM2G027070 6 110198350 110199910
39 AC186647 6 110203937 110204392
256 AC204573 6 111642908 111644877
540 GRMZM2G008159 6 111881237 111881726
302 AC206946 6 113217949 113221227
686 GRMZM2G028862 6 116227966 116228814
1167 GRMZM2G095628 6 116303698 116305362
678 GRMZM2G027309 6 116761394 116766109
396 AC212887 6 117270438 117271986
254 AC204519 6 118271898 118272919
56 AC187885 6 120128001 120128472
1179 GRMZM2G097770 6 120785003 120785428
470 AC231604 6 121513619 121514472
1209 GRMZM2G101702 6 121516617 121517642
129 AC194592 6 122564765 122566077
49 AC187142 6 123954182 123954457
1312 GRMZM2G114398 6 124672207 124673618
339 AC209859 6 128136101 128137592
1460 GRMZM2G137820 6 128845961 128852697
265 AC204944 6 130622250 130622576
683 GRMZM2G027962 6 130643709 130644401
783 GRMZM2G042477 6 134946455 134947521
1448 GRMZM2G136161 6 135404841 135406619
819 GRMZM2G046286 6 135824886 135829006
1557 GRMZM2G154218 6 136703064 136706223
250 AC204292 6 137202357 137202761
878 GRMZM2G055606 6 137869247 137882616
877 GRMZM2G055570 6 137883070 137883614
930 GRMZM2G062654 6 137897029 137902276
976 GRMZM2G068275 6 140126710 140128556
1154 GRMZM2G093660 6 140832153 140833177
928 GRMZM2G062495 6 141819967 141822133
1456 GRMZM2G137326 6 146548492 146549174
1186 GRMZM2G098209 6 147234909 147237155
1523 GRMZM2G149145 6 148338104 148339006
1485 GRMZM2G142734 6 148685728 148686364
962 GRMZM2G067022 6 149161870 149171603
69 AC188838 6 150852508 150854139
964 GRMZM2G067117 6 150973187 150973748
491 GRMZM2G000729 6 152765472 152767303
924 GRMZM2G062066 6 153095425 153099195
385 AC212394 6 153381011 153381292
1390 GRMZM2G127297 6 153503087 153508182
1257 GRMZM2G107739 6 153692629 153697525
1414 GRMZM2G130877 6 156431546 156432390
1010 GRMZM2G074162 6 157357183 157358435
523 GRMZM2G004917 6 160225132 160227132
705 GRMZM2G031404 6 160312809 160313586
778 GRMZM2G041694 6 162683022 162688544
668 GRMZM2G025518 6 162923431 162924720
755 GRMZM2G038183 6 164567119 164571508
635 GRMZM2G020928 6 164773158 164775978
1479 GRMZM2G141252 6 165406250 165407346
1506 GRMZM2G145563 6 165603310 165605580
1118 GRMZM2G089549 6 166936480 166938311
161 AC197143 6 168546068 168546478
1392 GRMZM2G127426 6 169126072 169128205
671 GRMZM2G026083 7 2515277 2517155
1207 GRMZM2G101513 7 2542230 2543780
263 AC204845 7 3016426 3017521
944 GRMZM2G065040 7 4311956 4313915
883 GRMZM2G056547 7 4378160 4378698
53 AC187560 7 5531910 5532239
533 GRMZM2G006878 7 6947402 6951503
233 AC203159 7 7525775 7526843
109 AC193503 7 9136953 9137495
966 GRMZM2G067342 7 9767521 9769038
1439 GRMZM2G134550 7 11924811 11959974
787 GRMZM2G042752 7 12013732 12015594
1445 GRMZM2G135966 7 12325660 12335020
1327 GRMZM2G116212 7 13003434 13004148
764 GRMZM2G039746 7 16920741 16923817
218 AC202129 7 17896168 17896527
608 GRMZM2G016941 7 18412978 18414050
484 AC235546 7 19658743 19659576
81 AC190851 7 22564216 22565022
1406 GRMZM2G129092 7 24100217 24101029
334 AC209710 7 27136557 27137731
571 GRMZM2G012117 7 30182954 30183982
1136 GRMZM2G092072 7 30435581 30440209
700 GRMZM2G030769 7 31861425 31863257
1274 GRMZM2G109741 7 32745793 32746362
927 GRMZM2G062453 7 34027302 34032121
413 AC214430 7 35024336 35026658
1252 GRMZM2G106996 7 36957442 36961368
399 AC213431 7 38613504 38615495
47 AC187082 7 38948716 38951510
1162 GRMZM2G095204 7 41027783 41029154
408 AC214144 7 43142860 43145187
429 AC215907 7 43514564 43515079
172 AC198025 7 44588309 44588875
818 GRMZM2G046252 7 47607664 47608342
1416 GRMZM2G131135 7 48591227 48591731
513 GRMZM2G003711 7 51811690 51812203
940 GRMZM2G064601 7 52017965 52019322
795 GRMZM2G043758 7 52855421 52858050
1284 GRMZM2G110742 7 57077559 57082390
535 GRMZM2G006965 7 60855594 60907761
259 AC204641 7 68909593 68914906
880 GRMZM2G056022 7 69200954 69202007
597 GRMZM2G016212 7 71491249 71496048
160 AC197038 7 74832395 74832927
1509 GRMZM2G146309 7 77454016 77454681
217 AC202110 7 77944153 77946190
974 GRMZM2G067989 7 78795316 78806201
1332 GRMZM2G116939 7 88701625 88704057
870 GRMZM2G054048 7 90566850 90572747
272 AC205470 7 95462634 95464558
750 GRMZM2G036912 7 95663428 95668480
996 GRMZM2G072133 7 97960396 97961701
261 AC204768 7 98942869 98944398
876 GRMZM2G055262 7 99007887 99008879
108 AC193502 7 100711665 100714940
1311 GRMZM2G113750 7 102679738 102687344
1349 GRMZM2G120388 7 103358538 103358759
623 GRMZM2G019898 7 103397879 103398635
1087 GRMZM2G085934 7 107630590 107631238
1042 GRMZM2G078368 7 116476492 116477917
910 GRMZM2G060369 7 118049045 118051647
1336 GRMZM2G117291 7 120134552 120135396
64 AC188718 7 125570036 125572243
959 GRMZM2G066639 7 125687721 125688874
496 GRMZM2G001627 7 128543897 128545117
807 GRMZM2G044968 7 135242016 135245315
240 AC203401 7 135268325 135269035
178 AC198597 7 136831818 136832429
886 GRMZM2G056743 7 137012148 137013134
312 AC207655 7 137015472 137020065
1243 GRMZM2G105999 7 137131054 137132079
465 AC229875 7 137989834 137990340
1421 GRMZM2G132486 7 140268521 140272048
1094 GRMZM2G087128 7 141828855 141829492
949 GRMZM2G065438 7 142206630 142210123
65 AC188721 7 142682250 142683596
1014 GRMZM2G074505 7 142834156 142834998
392 AC212732 7 143889114 143889927
1149 GRMZM2G093372 7 143993769 143995188
1379 GRMZM2G125448 7 144063570 144065095
373 AC211657 7 144233912 144234352
1521 GRMZM2G148892 7 144421978 144423437
777 GRMZM2G041388 7 145987861 145991821
1224 GRMZM2G103892 7 147756965 147764848
363 AC211359 7 147871598 147872710
343 AC210046 7 148911509 148912568
1083 GRMZM2G084795 7 150404908 150406173
378 AC211764 7 152863847 152864371
1393 GRMZM2G127499 7 153326362 153329790
1300 GRMZM2G112374 7 153572196 153572737
1117 GRMZM2G089493 7 158164545 158165790
200 AC200143 7 159212640 159213433
1364 GRMZM2G122841 7 159570760 159571365
247 AC203986 7 160293253 160293693
1172 GRMZM2G096395 7 161743476 161744892
45 AC187046 7 162135607 162137418
679 GRMZM2G027490 7 163195587 163196217
610 GRMZM2G017593 7 163823600 163827440
1065 GRMZM2G082131 7 164687469 164691740
929 GRMZM2G062651 7 165621650 165626071
908 GRMZM2G060249 7 165822784 165823251
1410 GRMZM2G129935 7 168860735 168862573
1428 GRMZM2G133392 7 170689269 170690529
826 GRMZM2G047788 7 172006122 172010268
831 GRMZM2G049913 7 172506137 172511078
885 GRMZM2G056733 7 174622626 174623962
1365 GRMZM2G122850 8 67384 71259
1140 GRMZM2G092666 8 645900 646655
314 AC208042 8 745608 746384
530 GRMZM2G006734 8 4450388 4453794
1138 GRMZM2G092415 8 4467775 4468501
849 GRMZM2G051512 8 4643982 4644447
830 GRMZM2G049606 8 4788515 4789068
391 AC212581 8 6505380 6505904
1247 GRMZM2G106468 8 7458726 7460690
1409 GRMZM2G129792 8 7756423 7759775
1026 GRMZM2G076458 8 7904019 7905754
982 GRMZM2G069153 8 8989676 8990005
1306 GRMZM2G113421 8 8996217 8998912
1147 GRMZM2G093072 8 9535208 9537557
1040 GRMZM2G077900 8 9624283 9625494
1041 GRMZM2G077914 8 9627157 9629740
390 AC212575 8 10657363 10658883
1121 GRMZM2G090114 8 11105737 11106252
1366 GRMZM2G123365 8 14834885 14836732
415 AC214502 8 15331212 15331838
1164 GRMZM2G095265 8 19976263 19977526
1163 GRMZM2G095255 8 19977748 19982370
709 GRMZM2G031917 8 21815160 21820638
586 GRMZM2G014571 8 24407984 24408541
1296 GRMZM2G111710 8 24734356 24736190
338 AC209828 8 25197555 25198073
225 AC202549 8 29951879 29952415
1052 GRMZM2G079790 8 31991998 31993304
626 GRMZM2G020151 8 32237646 32240628
46 AC187065 8 32338784 32339308
853 GRMZM2G052352 8 33032410 33036158
1051 GRMZM2G079674 8 34386966 34387646
505 GRMZM2G002416 8 37415285 37418825
525 GRMZM2G005596 8 39434558 39435178
198 AC199956 8 41138528 41139091
1324 GRMZM2G115905 8 47434902 47439360
829 GRMZM2G049565 8 52444236 52445043
330 AC209647 8 52628670 52628966
1426 GRMZM2G133070 8 59821621 59822717
33 AC186431 8 61468550 61515299
1054 GRMZM2G080110 8 62353280 62355417
1078 GRMZM2G083875 8 62938203 62941326
502 GRMZM2G002112 8 63079190 63079743
1023 GRMZM2G075796 8 64082752 64083955
874 GRMZM2G054689 8 64176828 64179517
117 AC194112 8 65613366 65614415
1204 GRMZM2G101149 8 66923430 66927276
881 GRMZM2G056079 8 67738963 67744713
640 GRMZM2G021865 8 69903207 69907789
48 AC187092 8 70080490 70080903
1203 GRMZM2G100982 8 71940570 71941450
1022 GRMZM2G075784 8 72417893 72420293
1412 GRMZM2G130784 8 76613458 76616632
1441 GRMZM2G135317 8 79388502 79389676
541 GRMZM2G008286 8 80197948 80198612
687 GRMZM2G028885 8 80265099 80268876
1074 GRMZM2G083356 8 83010603 83014298
143 AC195798 8 83297146 83297481
653 GRMZM2G023520 8 86268083 86269080
1339 GRMZM2G118072 8 86441728 86448791
66 AC188723 8 86927012 86927935
177 AC198494 8 89573375 89574465
1029 GRMZM2G076702 8 89651718 89653603
894 GRMZM2G058036 8 90627433 90628223
1228 GRMZM2G104234 8 91006840 91009411
1362 GRMZM2G122021 8 91558384 91558689
916 GRMZM2G061450 8 92706584 92707223
146 AC195989 8 94123301 94123750
1513 GRMZM2G147271 8 94266909 94269068
839 GRMZM2G050625 8 96786197 96788213
1025 GRMZM2G076169 8 97504059 97506508
1545 GRMZM2G152836 8 100536952 100538579
725 GRMZM2G034495 8 100928653 100930975
1315 GRMZM2G114882 8 101855246 101856945
1081 GRMZM2G084421 8 103200940 103201370
341 AC209962 8 107622174 107622494
361 AC211328 8 108504350 108504865
591 GRMZM2G015368 8 109026666 109028959
760 GRMZM2G039017 8 110145834 110147567
868 GRMZM2G053882 8 111390576 111398195
36 AC186611 8 112232776 112234776
232 AC203148 8 113429060 113431016
1292 GRMZM2G111396 8 115003445 115005891
1471 GRMZM2G138844 8 118751210 118752529
1223 GRMZM2G103793 8 119334837 119335858
184 AC199217 8 119843774 119844136
1098 GRMZM2G087426 8 121638090 121645126
1132 GRMZM2G091592 8 122697604 122699254
1319 GRMZM2G115364 8 123695260 123698016
159 AC197021 8 126150896 126151530
796 GRMZM2G043855 8 129380494 129381701
201 AC200240 8 130758907 130759643
1475 GRMZM2G140083 8 131860634 131861791
652 GRMZM2G023471 8 132874112 132923107
1373 GRMZM2G124759 8 133098809 133100442
1191 GRMZM2G099082 8 133181496 133184186
1305 GRMZM2G113415 8 133698772 133702836
789 GRMZM2G042789 8 133911569 133912099
1211 GRMZM2G102458 8 135998908 135999768
697 GRMZM2G029833 8 136978990 136983442
196 AC199918 8 137260129 137264169
1530 GRMZM2G150315 8 140357903 140361233
244 AC203855 8 140616953 140617243
44 AC186815 8 144936274 144939875
1271 GRMZM2G109152 8 145600479 145603633
580 GRMZM2G013712 8 145649033 145651928
682 GRMZM2G027804 8 149251531 149253997
58 AC187910 8 149331137 149333313
1502 GRMZM2G145204 8 160611577 160613803
326 AC209073 8 160866327 160866548
1067 GRMZM2G082362 8 161737468 161739613
914 GRMZM2G061354 8 162935544 162938374
632 GRMZM2G020583 8 164717417 164717787
336 AC209737 8 166124600 166125250
223 AC202432 8 166749691 166752508
407 AC214050 8 167503408 167504631
688 GRMZM2G028966 8 167709131 167710504
756 GRMZM2G038463 8 167880789 167881415
792 GRMZM2G043498 8 169600061 169608163
791 GRMZM2G043396 8 169613453 169614373
746 GRMZM2G036634 8 169655300 169662487
1358 GRMZM2G121783 8 170757828 170759120
252 AC204359 8 170982564 170984262
768 GRMZM2G040088 8 172315226 172316429
733 GRMZM2G034945 8 172868146 172872275
631 GRMZM2G020552 8 172968619 172970056
906 GRMZM2G059906 9 1920823 1921879
1212 GRMZM2G102494 9 4663525 4665096
510 GRMZM2G003167 9 4777176 4778054
67 AC188727 9 6371876 6374643
1350 GRMZM2G120475 9 7566549 7568616
444 AC217577 9 8005199 8005708
426 AC215605 9 8129073 8130674
548 GRMZM2G008923 9 9924852 9927687
132 AC194719 9 9975229 9975768
1442 GRMZM2G135477 9 10970492 10973990
539 GRMZM2G007801 9 15921506 15923409
741 GRMZM2G035853 9 17157430 17157914
1480 GRMZM2G141303 9 17589447 17590313
294 AC206266 9 17912059 17915143
846 GRMZM2G051197 9 18139855 18144506
323 AC208905 9 18954282 18954557
211 AC201977 9 19227034 19227786
416 AC214503 9 21108088 21108534
915 GRMZM2G061401 9 21266987 21267980
719 GRMZM2G033192 9 22799424 22801182
563 GRMZM2G010768 9 23074206 23075359
641 GRMZM2G021935 9 24278634 24278974
836 GRMZM2G050418 9 24464183 24464844
835 GRMZM2G050333 9 24467703 24470324
112 AC193658 9 25190395 25190841
824 GRMZM2G046644 9 25398626 25399000
903 GRMZM2G059361 9 25871262 25871952
1440 GRMZM2G135039 9 27203784 27204171
522 GRMZM2G004824 9 31055646 31062169
1520 GRMZM2G148835 9 32426663 32427530
618 GRMZM2G018988 9 32531260 32533636
331 AC209651 9 33514579 33515076
458 AC225716 9 34287760 34288883
593 GRMZM2G015426 9 34562398 34567910
420 AC214790 9 37700352 37701026
953 GRMZM2G065848 9 37829460 37831327
643 GRMZM2G022470 9 39121989 39124168
153 AC196171 9 39242763 39244487
902 GRMZM2G059169 9 40485173 40485853
1357 GRMZM2G121418 9 43535206 43538695
1355 GRMZM2G121308 9 43591719 43593230
1195 GRMZM2G099740 9 43625778 43627661
54 AC187809 9 44118733 44120487
1238 GRMZM2G105173 9 45813368 45815126
1335 GRMZM2G117166 9 45924985 45927417
332 AC209697 9 46743770 46744279
1550 GRMZM2G153252 9 47227836 47237544
164 AC197267 9 51816232 51816516
827 GRMZM2G047956 9 54059935 54061218
1185 GRMZM2G097983 9 54415230 54417349
427 AC215607 9 54962396 54963242
1323 GRMZM2G115698 9 59633456 59638837
459 AC225993 9 60107985 60108650
1226 GRMZM2G104092 9 65933817 65937025
1314 GRMZM2G114756 9 67133956 67136983
1152 GRMZM2G093580 9 70481506 70482404
173 AC198122 9 70874546 70878318
171 AC198019 9 72385688 72386059
20 AC184133 9 73617173 73619220
1183 GRMZM2G097934 9 73709506 73710713
747 GRMZM2G036759 9 75081780 75089005
436 AC216256 9 78299388 78299804
62 AC188582 9 82965479 82966084
1106 GRMZM2G088096 9 83035370 83043757
1027 GRMZM2G076613 9 83999649 84002440
404 AC213804 9 86191163 86191615
452 AC218943 9 87245952 87246554
482 AC234524 9 89453645 89455934
1215 GRMZM2G102720 9 91667101 91669317
170 AC197837 9 92432135 92432908
1161 GRMZM2G094781 9 93597011 93598764
718 GRMZM2G033179 9 94912986 94914246
229 AC202930 9 94921230 94921649
447 AC217889 9 97654485 97668017
474 AC233863 9 98988776 98989135
394 AC212827 9 100473468 100476329
1235 GRMZM2G104581 9 101354639 101355570
380 AC211933 9 101794869 101797379
873 GRMZM2G054448 9 103828580 103833532
1295 GRMZM2G111677 9 104051826 104056508
347 AC210280 9 104395999 104441765
1288 GRMZM2G111066 9 105920689 105921986
1289 GRMZM2G111082 9 105953026 105954082
464 AC226736 9 112717726 112718640
739 GRMZM2G035712 9 114186082 114188472
1030 GRMZM2G076852 9 115435558 115436466
993 GRMZM2G071074 9 117790156 117791569
432 AC216199 9 117790161 117790850
135 AC194940 9 119309280 119309540
183 AC199054 9 121056459 121057219
1047 GRMZM2G078890 9 123362059 123366232
85 AC191064 9 123861502 123862716
538 GRMZM2G007426 9 124845544 124847058
70 AC189084 9 125051403 125051894
1462 GRMZM2G137869 9 125223240 125224348
952 GRMZM2G065800 9 125427588 125428701
797 GRMZM2G043958 9 126104825 126107301
337 AC209778 9 126785235 126785764
111 AC193646 9 129985890 129986851
1055 GRMZM2G080409 9 130504422 130505891
592 GRMZM2G015399 9 131148324 131148716
214 AC202069 9 132474055 132475035
850 GRMZM2G051545 9 134767760 134769734
282 AC205709 9 135087675 135088943
867 GRMZM2G053790 9 137335041 137339902
293 AC206223 9 137503674 137510833
1405 GRMZM2G128953 9 138090539 138096147
52 AC187469 9 140761756 140762490
706 GRMZM2G031447 9 141795428 141797021
1219 GRMZM2G103103 9 144630344 144631877
893 GRMZM2G057590 9 145869942 145871506
300 AC206831 9 147596679 147598597
1307 GRMZM2G113473 9 147617746 147619071
297 AC206647 9 147765777 147766127
1404 GRMZM2G128740 9 150414544 150417024
731 GRMZM2G034811 9 150482425 150485506
86 AC191071 9 150488296 150491566
742 GRMZM2G036411 9 150509613 150510082
537 GRMZM2G007134 9 151036118 151037425
946 GRMZM2G065237 9 151333677 151335149
1 AC149829 9 151382930 151383184
895 GRMZM2G058037 9 151594720 151596574
1283 GRMZM2G110688 9 152294108 152296877
80 AC190757 9 153367739 153370789
149 AC196090 9 154286013 154288259
1548 GRMZM2G153152 9 154570363 154572000
1236 GRMZM2G104710 10 1922340 1923823
179 AC198744 10 3061687 3063554
2 AC152495 10 3283522 3287418
1073 GRMZM2G083258 10 3649252 3650328
157 AC196978 10 4519228 4520682
63 AC188612 10 4722205 4723095
704 GRMZM2G031317 10 4740033 4741045
181 AC198781 10 5283319 5283543
601 GRMZM2G016370 10 5388540 5390605
799 GRMZM2G044377 10 5451342 5452959
555 GRMZM2G010093 10 7732073 7735778
494 GRMZM2G001466 10 8808134 8810441
1419 GRMZM2G132286 10 10561579 10565723
743 GRMZM2G036508 10 11753871 11754443
748 GRMZM2G036764 10 11761887 11764455
528 GRMZM2G006470 10 13027251 13029947
344 AC210050 10 16497791 16504405
185 AC199325 10 19108402 19111512
176 AC198382 10 20648082 20649014
1472 GRMZM2G139183 10 22969560 22970011
1526 GRMZM2G149410 10 23423084 23427670
237 AC203311 10 25618912 25619289
215 AC202091 10 25683359 25684281
1190 GRMZM2G099064 10 26590025 26592566
938 GRMZM2G064371 10 26670822 26673896
1044 GRMZM2G078508 10 26773963 26776829
126 AC194410 10 31954809 31955630
1470 GRMZM2G138829 10 39249720 39251580
965 GRMZM2G067320 10 39759730 39761507
727 GRMZM2G034727 10 39922728 39924375
884 GRMZM2G056697 10 41349546 41353105
595 GRMZM2G015599 10 46274086 46275526
1231 GRMZM2G104489 10 46304748 46305467
1512 GRMZM2G146978 10 47774762 47775725
550 GRMZM2G009268 10 48408050 48449846
1150 GRMZM2G093451 10 49281024 49286470
216 AC202092 10 49511567 49512109
74 AC190590 10 53201932 53202456
1299 GRMZM2G112278 10 56489186 56492594
72 AC189883 10 58126835 58127744
832 GRMZM2G049930 10 59018557 59020034
1053 GRMZM2G079925 10 60164101 60165534
438 AC216815 10 66665652 66666151
369 AC211585 10 68982907 68983511
167 AC197583 10 69086965 69087651
957 GRMZM2G066539 10 69526222 69527380
1210 GRMZM2G102231 10 70586574 70590955
999 GRMZM2G072621 10 71876316 71876570
1478 GRMZM2G141152 10 72592942 72593762
1477 GRMZM2G141133 10 72626087 72626698
536 GRMZM2G007074 10 75612332 75613773
1552 GRMZM2G153416 10 77563817 77567761
100 AC191708 10 78708554 78709654
122 AC194273 10 78917352 78918480
542 GRMZM2G008403 10 80878303 80878996
60 AC188036 10 82165256 82166173
1431 GRMZM2G133529 10 84369138 84370400
498 GRMZM2G001824 10 85407062 85408479
182 AC198787 10 85713004 85713728
841 GRMZM2G050829 10 85869782 85871697
842 GRMZM2G050883 10 85872144 85872780
646 GRMZM2G022828 10 85964572 85965081
1064 GRMZM2G081685 10 87448819 87449629
1000 GRMZM2G072632 10 90297676 90299716
1331 GRMZM2G116704 10 91743594 91744071
59 AC188000 10 91792106 91792933
614 GRMZM2G018099 10 93453084 93453473
730 GRMZM2G034807 10 94891881 94892780
1188 GRMZM2G098677 10 97329692 97333951
457 AC225354 10 100496297 100497286
920 GRMZM2G061851 10 106214975 106219351
1174 GRMZM2G097050 10 108319337 108321627
128 AC194485 10 108760220 108760838
194 AC199875 10 109023180 109023425
1221 GRMZM2G103725 10 110765068 110770426
508 GRMZM2G002918 10 110966681 110975722
1549 GRMZM2G153232 10 111456590 111460249
450 AC218152 10 112897268 112898396
788 GRMZM2G042782 10 115708732 115710730
721 GRMZM2G033339 10 117730914 117731777
1095 GRMZM2G087180 10 118056164 118060783
1342 GRMZM2G119023 10 119505105 119511401
603 GRMZM2G016564 10 119517571 119518318
1137 GRMZM2G092323 10 119912208 119912911
106 AC193402 10 120463512 120465059
292 AC206194 10 120852363 120853621
1056 GRMZM2G080575 10 122829594 122830441
1057 GRMZM2G080594 10 122836547 122837683
1254 GRMZM2G107306 10 123249168 123251734
515 GRMZM2G003916 10 124777310 124778763
947 GRMZM2G065284 10 125155890 125157698
439 AC217043 10 125226157 125230940
434 AC216229 10 128004578 128005518
1370 GRMZM2G124396 10 128326708 128330390
486 GRMZM2G000223 10 128610165 128610584
190 AC199705 10 129939517 129940908
707 GRMZM2G031628 10 130321518 130322226
1170 GRMZM2G096090 10 131126158 131129084
1003 GRMZM2G073041 10 131289402 131290980
864 GRMZM2G053642 10 131361195 131362909
57 AC187903 10 132160234 132160551
1217 GRMZM2G102860 10 134016790 134017479
186 AC199382 10 136364044 136364770
1033 GRMZM2G077082 10 136722353 136724092
1125 GRMZM2G090616 10 138214560 138215454
1297 GRMZM2G112129 10 138251245 138251910
1202 GRMZM2G100940 10 139032227 139033936
1176 GRMZM2G097638 10 139616208 139617700
612 GRMZM2G017752 10 139713528 139714611
102 AC192330 10 140022557 140024392
1514 GRMZM2G147408 10 141312693 141313622
1387 GRMZM2G126957 10 141891516 141897547
1505 GRMZM2G145480 10 142015990 142017754
488 GRMZM2G000620 10 143570636 143573923
751 GRMZM2G037461 10 143898116 143898337
1396 GRMZM2G127668 10 144405284 144406982
1547 GRMZM2G153017 10 145046641 145056893
1229 GRMZM2G104268 10 145543617 145550013
1205 GRMZM2G101179 10 145772110 145774662
956 GRMZM2G066469 10 146126908 146135083
499 GRMZM2G001905 10 148308248 148312009
500 GRMZM2G001934 10 148312581 148316208
479 AC234201 10 149185496 149187443
